SPEAKER         id       #SENT      #WORD       Corr        Sub        Ins        Del        Err      S.Err
SA004           raw         45       2050       1252        469         26        329        824         45
SA004           sys         45       2050      61.07      22.88       1.27      16.05      40.20     100.00
SA005           raw         16        608        417        117          8         74        199         16
SA005           sys         16        608      68.59      19.24       1.32      12.17      32.73     100.00
SA015           raw        212       8843       5865       2147        266        831       3244        212
SA015           sys        212       8843      66.32      24.28       3.01       9.40      36.68     100.00
SA017           raw        208       8676       5827       1820        103       1029       2952        208
SA017           sys        208       8676      67.16      20.98       1.19      11.86      34.02     100.00
SA020           raw        223       9022       6294       1882        174        846       2902        223
SA020           sys        223       9022      69.76      20.86       1.93       9.38      32.17     100.00
SA021           raw        107       4593       2549       1216         66        828       2110        107
SA021           sys        107       4593      55.50      26.48       1.44      18.03      45.94     100.00
SA023           raw        110       4489       2801       1276        236        412       1924        110
SA023           sys        110       4489      62.40      28.43       5.26       9.18      42.86     100.00
SA081           raw        199       6899       4781       1358         98        760       2216        199
SA081           sys        199       6899      69.30      19.68       1.42      11.02      32.12     100.00
SA084           raw         98       3322       2052        875         53        395       1323         98
SA084           sys         98       3322      61.77      26.34       1.60      11.89      39.83     100.00
SUM             raw       1218      48502      31838      11160       1030       5504      17694       1218
SUM             sys       1218      48502      65.64      23.01       2.12      11.35      36.48     100.00
