SPEAKER         id       #SENT      #WORD       Corr        Sub        Ins        Del        Err      S.Err
CR033           raw         75      10252       6419       1940        108       1893       3941         75
CR033           sys         75      10252      62.61      18.92       1.05      18.46      38.44     100.00
CR034           raw         35       5826       4131        967         89        728       1784         35
CR034           sys         35       5826      70.91      16.60       1.53      12.50      30.62     100.00
CR035           raw         54       8367       5563       1504         84       1300       2888         54
CR035           sys         54       8367      66.49      17.98       1.00      15.54      34.52     100.00
CR036           raw         58       9440       5396       2114        104       1930       4148         58
CR036           sys         58       9440      57.16      22.39       1.10      20.44      43.94     100.00
CR046           raw         32       5145       3548        885         45        712       1642         32
CR046           sys         32       5145      68.96      17.20       0.87      13.84      31.91     100.00
CR048           raw         32       3927       2917        648        382        362       1392         32
CR048           sys         32       3927      74.28      16.50       9.73       9.22      35.45     100.00
CR051           raw         32       4943       3464        873         56        606       1535         32
CR051           sys         32       4943      70.08      17.66       1.13      12.26      31.05     100.00
CR053           raw         43       7309       4905       1271        412       1133       2816         43
CR053           sys         43       7309      67.11      17.39       5.64      15.50      38.53     100.00
CR054           raw         44       7116       4638       1413        106       1065       2584         44
CR054           sys         44       7116      65.18      19.86       1.49      14.97      36.31     100.00
CR057           raw         52       4721       2755        982         38        984       2004         52
CR057           sys         52       4721      58.36      20.80       0.80      20.84      42.45     100.00
CR058           raw          7       1186        812        193        218        181        592          7
CR058           sys          7       1186      68.47      16.27      18.38      15.26      49.92     100.00
CR059           raw         47       6555       3855       1495         34       1205       2734         47
CR059           sys         47       6555      58.81      22.81       0.52      18.38      41.71     100.00
CR069           raw         15       1787       1151        374          8        262        644         15
CR069           sys         15       1787      64.41      20.93       0.45      14.66      36.04     100.00
SUM             raw        526      76574      49554      14659       1684      12361      28704        526
SUM             sys        526      76574      64.71      19.14       2.20      16.14      37.49     100.00
