SPEAKER         id       #SENT      #WORD       Corr        Sub        Ins        Del        Err      S.Err
HA004           raw        126       3920       2588       1016        218        316       1550        126
HA004           sys        126       3920      66.02      25.92       5.56       8.06      39.54     100.00
HA006           raw         50       1187        857        198         12        132        342         50
HA006           sys         50       1187      72.20      16.68       1.01      11.12      28.81     100.00
HA007           raw        105       2835       1960        630         28        245        903        105
HA007           sys        105       2835      69.14      22.22       0.99       8.64      31.85     100.00
HA008           raw        105       2910       1994        614         23        302        939        105
HA008           sys        105       2910      68.52      21.10       0.79      10.38      32.27     100.00
HA009           raw         30        759        520        149          9         90        248         30
HA009           sys         30        759      68.51      19.63       1.19      11.86      32.67     100.00
HA010           raw         50       1158        789        252         17        117        386         50
HA010           sys         50       1158      68.13      21.76       1.47      10.10      33.33     100.00
HA011           raw         30        714        515        139         15         60        214         30
HA011           sys         30        714      72.13      19.47       2.10       8.40      29.97     100.00
HA012           raw         38        903        598        200          9        105        314         38
HA012           sys         38        903      66.22      22.15       1.00      11.63      34.77     100.00
HA013           raw         50       1234        841        269         18        124        411         50
HA013           sys         50       1234      68.15      21.80       1.46      10.05      33.31     100.00
HA014           raw         70       1819       1269        335         14        215        564         70
HA014           sys         70       1819      69.76      18.42       0.77      11.82      31.01     100.00
HA015           raw        101       2664       1813        562         22        289        873        101
HA015           sys        101       2664      68.06      21.10       0.83      10.85      32.77     100.00
HA016           raw         12        328        216         84          8         28        120         12
HA016           sys         12        328      65.85      25.61       2.44       8.54      36.59     100.00
HA017           raw        112       3097       2111        633         18        353       1004        112
HA017           sys        112       3097      68.16      20.44       0.58      11.40      32.42     100.00
HA018           raw        102       2779       1894        585         11        300        896        102
HA018           sys        102       2779      68.15      21.05       0.40      10.80      32.24     100.00
HA019           raw        101       2566       1836        490         30        240        760        101
HA019           sys        101       2566      71.55      19.10       1.17       9.35      29.62     100.00
HA023           raw        115       3120       2054        662         19        404       1085        115
HA023           sys        115       3120      65.83      21.22       0.61      12.95      34.78     100.00
HA024           raw        165       4780       2962       1438        139        380       1957        165
HA024           sys        165       4780      61.97      30.08       2.91       7.95      40.94     100.00
SUM             raw       1362      36773      24817       8256        610       3700      12566       1362
SUM             sys       1362      36773      67.49      22.45       1.66      10.06      34.17     100.00
