SPEAKER         id       #SENT      #WORD       Corr        Sub        Ins        Del        Err      S.Err
UA027           raw        105       3590       1378       1386         15        826       2227        105
UA027           sys        105       3590      38.38      38.61       0.42      23.01      62.03     100.00
UA028           raw        110       3276       1286       1375         17        615       2007        110
UA028           sys        110       3276      39.26      41.97       0.52      18.77      61.26     100.00
UA029           raw        110       3076       1317       1168         28        591       1787        110
UA029           sys        110       3076      42.82      37.97       0.91      19.21      58.09     100.00
UA031           raw        107       3594       1446       1523         54        625       2202        107
UA031           sys        107       3594      40.23      42.38       1.50      17.39      61.27     100.00
UA032           raw        109       3764       1637       1652        117        475       2244        109
UA032           sys        109       3764      43.49      43.89       3.11      12.62      59.62     100.00
UA033           raw        108       3489       1458       1489         72        542       2103        108
UA033           sys        108       3489      41.79      42.68       2.06      15.53      60.28     100.00
UA034           raw        110       3837       1531       1626         86        680       2392        110
UA034           sys        110       3837      39.90      42.38       2.24      17.72      62.34     100.00
UA035           raw        108       3483       1473       1469         95        541       2105        108
UA035           sys        108       3483      42.29      42.18       2.73      15.53      60.44     100.00
UA036           raw        110       3480       1441       1708        115        331       2154        110
UA036           sys        110       3480      41.41      49.08       3.30       9.51      61.90     100.00
UA037           raw        112       3667       1642       1654        140        371       2165        112
UA037           sys        112       3667      44.78      45.10       3.82      10.12      59.04     100.00
UA038           raw        113       3457       1495       1575        126        387       2088        113
UA038           sys        113       3457      43.25      45.56       3.64      11.19      60.40     100.00
UA039           raw        107       3303       1492       1447        111        364       1922        107
UA039           sys        107       3303      45.17      43.81       3.36      11.02      58.19     100.00
UA040           raw        111       3465       1399       1421         63        645       2129        111
UA040           sys        111       3465      40.38      41.01       1.82      18.61      61.44     100.00
UA041           raw        111       3570       1247       1542         44        781       2367        111
UA041           sys        111       3570      34.93      43.19       1.23      21.88      66.30     100.00
UA042           raw        107       3567       1661       1530         85        376       1991        107
UA042           sys        107       3567      46.57      42.89       2.38      10.54      55.82     100.00
UA044           raw        104       3069       1380       1228        100        461       1789        104
UA044           sys        104       3069      44.97      40.01       3.26      15.02      58.29     100.00
UA045           raw        107       3524       1498       1625        111        401       2137        107
UA045           sys        107       3524      42.51      46.11       3.15      11.38      60.64     100.00
UA047           raw        107       3237       1265       1590        123        382       2095        107
UA047           sys        107       3237      39.08      49.12       3.80      11.80      64.72     100.00
UA083           raw        114       3889       1739       1880        187        270       2337        114
UA083           sys        114       3889      44.72      48.34       4.81       6.94      60.09     100.00
UA088           raw        112       3417       1666       1499        205        252       1956        112
UA088           sys        112       3417      48.76      43.87       6.00       7.37      57.24     100.00
SUM             raw       2182      69754      29451      30387       1894       9916      42197       2182
SUM             sys       2182      69754      42.22      43.56       2.72      14.22      60.49     100.00
