SPEAKER         id       #SENT      #WORD       Corr        Sub        Ins        Del        Err      S.Err
PL012           raw         98      11263       7009       2340        100       1914       4354         98
PL012           sys         98      11263      62.23      20.78       0.89      16.99      38.66     100.00
PL030           raw        100       7217       5247       1377        259        593       2229        100
PL030           sys        100       7217      72.70      19.08       3.59       8.22      30.89     100.00
PL036           raw         98       7537       4893       1475        107       1169       2751         98
PL036           sys         98       7537      64.92      19.57       1.42      15.51      36.50     100.00
PL037           raw         98      10822       6300       2945        313       1577       4835         98
PL037           sys         98      10822      58.21      27.21       2.89      14.57      44.68     100.00
PL038           raw        101       5034       3448       1138        121        448       1707        100
PL038           sys        101       5034      68.49      22.61       2.40       8.90      33.91      99.01
PL039           raw        107       7971       5496       1460        147       1015       2622        106
PL039           sys        107       7971      68.95      18.32       1.84      12.73      32.89      99.07
PL040           raw         95       9457       6449       1603        102       1405       3110         95
PL040           sys         95       9457      68.19      16.95       1.08      14.86      32.89     100.00
PL041           raw         95      11682       7768       2507        170       1407       4084         95
PL041           sys         95      11682      66.50      21.46       1.46      12.04      34.96     100.00
PL046           raw         99      10921       7571       2472        553        878       3903         99
PL046           sys         99      10921      69.33      22.64       5.06       8.04      35.74     100.00
PL063           raw        101      14840       9232       3828        249       1780       5857        101
PL063           sys        101      14840      62.21      25.80       1.68      11.99      39.47     100.00
PL072           raw        127       9322       5951       1711        105       1660       3476        127
PL072           sys        127       9322      63.84      18.35       1.13      17.81      37.29     100.00
PL077           raw         30       3270       1879        777         15        614       1406         30
PL077           sys         30       3270      57.46      23.76       0.46      18.78      43.00     100.00
PL084           raw         98       7463       5592       1310        123        561       1994         97
PL084           sys         98       7463      74.93      17.55       1.65       7.52      26.72      98.98
PL090           raw        101       9989       7504       1950        284        535       2769        101
PL090           sys        101       9989      75.12      19.52       2.84       5.36      27.72     100.00
PL097           raw        104       9573       6588       2087        197        898       3182        103
PL097           sys        104       9573      68.82      21.80       2.06       9.38      33.24      99.04
SUM             raw       1452     136361      90927      28980       2845      16454      48279       1448
SUM             sys       1452     136361      66.68      21.25       2.09      12.07      35.41      99.72
