SPEAKER         id       #SENT      #WORD       Corr        Sub        Ins        Del        Err      S.Err
BG051           raw         99      10275       7460       1920        175        895       2990         99
BG051           sys         99      10275      72.60      18.69       1.70       8.71      29.10     100.00
BG052           raw        117      12448       8982       2495        328        971       3794        117
BG052           sys        117      12448      72.16      20.04       2.63       7.80      30.48     100.00
BG053           raw        119      11096       8442       1938        247        716       2901        119
BG053           sys        119      11096      76.08      17.47       2.23       6.45      26.14     100.00
BG054           raw        120      10987       7186       2454        110       1347       3911        120
BG054           sys        120      10987      65.40      22.34       1.00      12.26      35.60     100.00
BG055           raw        103      10059       7304       2059        262        696       3017        102
BG055           sys        103      10059      72.61      20.47       2.60       6.92      29.99      99.03
BG058           raw         99       9231       5513       2050         99       1668       3817         99
BG058           sys         99       9231      59.72      22.21       1.07      18.07      41.35     100.00
BG084           raw         98      11431       6320       2351         87       2760       5198         98
BG084           sys         98      11431      55.29      20.57       0.76      24.14      45.47     100.00
BG090           raw        101      11177       8086       2258        383        833       3474        101
BG090           sys        101      11177      72.34      20.20       3.43       7.45      31.08     100.00
BG100           raw        106      11516       8399       1851        110       1266       3227        105
BG100           sys        106      11516      72.93      16.07       0.96      10.99      28.02      99.06
BG106           raw        109       8519       6384       1466        167        669       2302        109
BG106           sys        109       8519      74.94      17.21       1.96       7.85      27.02     100.00
SUM             raw       1071     106739      74076      20842       1968      11821      34631       1069
SUM             sys       1071     106739      69.40      19.53       1.84      11.07      32.44      99.81
