SPEAKER         id       #SENT      #WORD       Corr        Sub        Ins        Del        Err      S.Err
SA004           raw         25       1060        692        218         29        150        397         25
SA004           sys         25       1060      65.28      20.57       2.74      14.15      37.45     100.00
SA005           raw         11        392        261         93          9         38        140         11
SA005           sys         11        392      66.58      23.72       2.30       9.69      35.71     100.00
SA015           raw        106       4135       2552       1199        126        384       1709        106
SA015           sys        106       4135      61.72      29.00       3.05       9.29      41.33     100.00
SA017           raw        112       4418       2980        961         91        477       1529        112
SA017           sys        112       4418      67.45      21.75       2.06      10.80      34.61     100.00
SA020           raw        141       5131       3439       1220        130        472       1822        141
SA020           sys        141       5131      67.02      23.78       2.53       9.20      35.51     100.00
SA021           raw         50       2024       1124        561         62        339        962         50
SA021           sys         50       2024      55.53      27.72       3.06      16.75      47.53     100.00
SA023           raw         76       2884       1700        928        180        256       1364         76
SA023           sys         76       2884      58.95      32.18       6.24       8.88      47.30     100.00
SA081           raw        147       4981       3479       1024         74        478       1576        147
SA081           sys        147       4981      69.85      20.56       1.49       9.60      31.64     100.00
SA084           raw         47       1460        886        400         20        174        594         47
SA084           sys         47       1460      60.68      27.40       1.37      11.92      40.68     100.00
SUM             raw        715      26485      17113       6604        721       2768      10093        715
SUM             sys        715      26485      64.61      24.93       2.72      10.45      38.11     100.00
