SPEAKER         id       #SENT      #WORD       Corr        Sub        Ins        Del        Err      S.Err
CR033           raw         75      10252       6296       2086        104       1870       4060         75
CR033           sys         75      10252      61.41      20.35       1.01      18.24      39.60     100.00
CR034           raw         35       5826       4083       1025         73        718       1816         35
CR034           sys         35       5826      70.08      17.59       1.25      12.32      31.17     100.00
CR035           raw         54       8367       5474       1664         88       1229       2981         54
CR035           sys         54       8367      65.42      19.89       1.05      14.69      35.63     100.00
CR036           raw         58       9440       5453       2150        118       1837       4105         58
CR036           sys         58       9440      57.76      22.78       1.25      19.46      43.49     100.00
CR046           raw         32       5145       3557        918         47        670       1635         32
CR046           sys         32       5145      69.14      17.84       0.91      13.02      31.78     100.00
CR048           raw         32       3927       2868        715        395        344       1454         32
CR048           sys         32       3927      73.03      18.21      10.06       8.76      37.03     100.00
CR051           raw         32       4943       3427        934         50        582       1566         32
CR051           sys         32       4943      69.33      18.90       1.01      11.77      31.68     100.00
CR053           raw         43       7309       4782       1443        414       1084       2941         43
CR053           sys         43       7309      65.43      19.74       5.66      14.83      40.24     100.00
CR054           raw         44       7116       4578       1498        115       1040       2653         44
CR054           sys         44       7116      64.33      21.05       1.62      14.61      37.28     100.00
CR057           raw         52       4721       2692       1046         44        983       2073         52
CR057           sys         52       4721      57.02      22.16       0.93      20.82      43.91     100.00
CR058           raw          7       1186        789        211        210        186        607          7
CR058           sys          7       1186      66.53      17.79      17.71      15.68      51.18     100.00
CR059           raw         47       6555       3835       1575         40       1145       2760         47
CR059           sys         47       6555      58.50      24.03       0.61      17.47      42.11     100.00
CR069           raw         15       1787       1166        357          9        264        630         15
CR069           sys         15       1787      65.25      19.98       0.50      14.77      35.25     100.00
SUM             raw        526      76574      49000      15622       1707      11952      29281        526
SUM             sys        526      76574      63.99      20.40       2.23      15.61      38.24     100.00
