SPEAKER         id       #SENT      #WORD       Corr        Sub        Ins        Del        Err      S.Err
SW030           raw         73       4855       2913       1491        293        451       2235         73
SW030           sys         73       4855      60.00      30.71       6.04       9.29      46.04     100.00
SW031           raw        100       7021       3692       2026         65       1303       3394        100
SW031           sys        100       7021      52.59      28.86       0.93      18.56      48.34     100.00
SW032           raw        102       7344       2958       2234         93       2152       4479        102
SW032           sys        102       7344      40.28      30.42       1.27      29.30      60.99     100.00
SW034           raw        110       9633       5094       2894        112       1645       4651        110
SW034           sys        110       9633      52.88      30.04       1.16      17.08      48.28     100.00
SW035           raw         77       6054       2792       2220        218       1042       3480         77
SW035           sys         77       6054      46.12      36.67       3.60      17.21      57.48     100.00
SW045           raw        140      10345       6010       2883        175       1452       4510        140
SW045           sys        140      10345      58.10      27.87       1.69      14.04      43.60     100.00
SW046           raw        100       7045       3788       2055        118       1202       3375        100
SW046           sys        100       7045      53.77      29.17       1.67      17.06      47.91     100.00
SW047           raw        125      10450       5069       3255         89       2126       5470        125
SW047           sys        125      10450      48.51      31.15       0.85      20.34      52.34     100.00
SW048           raw        117       8450       3952       2717         61       1781       4559        117
SW048           sys        117       8450      46.77      32.15       0.72      21.08      53.95     100.00
SW049           raw        130       9762       4487       2668         52       2607       5327        130
SW049           sys        130       9762      45.96      27.33       0.53      26.71      54.57     100.00
SW050           raw         77       5765       2361       1651         26       1753       3430         77
SW050           sys         77       5765      40.95      28.64       0.45      30.41      59.50     100.00
SW066           raw        101       8631       4618       2599         98       1414       4111        101
SW066           sys        101       8631      53.50      30.11       1.14      16.38      47.63     100.00
SW067           raw         89       7057       3924       1997        170       1136       3303         89
SW067           sys         89       7057      55.60      28.30       2.41      16.10      46.80     100.00
SW068           raw        125       9394       5052       2603         98       1739       4440        125
SW068           sys        125       9394      53.78      27.71       1.04      18.51      47.26     100.00
SW069           raw         88       5945       3430       1630         86        885       2601         88
SW069           sys         88       5945      57.70      27.42       1.45      14.89      43.75     100.00
SUM             raw       1554     117751      60140      34923       1754      22688      59365       1554
SUM             sys       1554     117751      51.07      29.66       1.49      19.27      50.42     100.00
