SPEAKER         id       #SENT      #WORD       Corr        Sub        Ins        Del        Err      S.Err
CR033           raw         75      10252       6198       2077        101       1977       4155         75
CR033           sys         75      10252      60.46      20.26       0.99      19.28      40.53     100.00
CR034           raw         35       5826       4107        980         75        739       1794         35
CR034           sys         35       5826      70.49      16.82       1.29      12.68      30.79     100.00
CR035           raw         54       8367       5323       1728         70       1316       3114         54
CR035           sys         54       8367      63.62      20.65       0.84      15.73      37.22     100.00
CR036           raw         58       9440       5251       2204         99       1985       4288         58
CR036           sys         58       9440      55.62      23.35       1.05      21.03      45.42     100.00
CR046           raw         32       5145       3514        885         38        746       1669         32
CR046           sys         32       5145      68.30      17.20       0.74      14.50      32.44     100.00
CR048           raw         32       3927       2815        763        377        349       1489         32
CR048           sys         32       3927      71.68      19.43       9.60       8.89      37.92     100.00
CR051           raw         32       4943       3434        908         46        601       1555         32
CR051           sys         32       4943      69.47      18.37       0.93      12.16      31.46     100.00
CR053           raw         43       7309       4714       1441        379       1154       2974         43
CR053           sys         43       7309      64.50      19.72       5.19      15.79      40.69     100.00
CR054           raw         44       7116       4562       1487        104       1067       2658         44
CR054           sys         44       7116      64.11      20.90       1.46      14.99      37.35     100.00
CR057           raw         52       4721       2733        962         31       1026       2019         52
CR057           sys         52       4721      57.89      20.38       0.66      21.73      42.77     100.00
CR058           raw          7       1186        768        231        199        187        617          7
CR058           sys          7       1186      64.76      19.48      16.78      15.77      52.02     100.00
CR059           raw         47       6555       3899       1488         38       1168       2694         47
CR059           sys         47       6555      59.48      22.70       0.58      17.82      41.10     100.00
CR069           raw         15       1787       1146        371          8        270        649         15
CR069           sys         15       1787      64.13      20.76       0.45      15.11      36.32     100.00
SUM             raw        526      76574      48464      15525       1565      12585      29675        526
SUM             sys        526      76574      63.29      20.27       2.04      16.44      38.75     100.00
