SPEAKER         id       #SENT      #WORD       Corr        Sub        Ins        Del        Err      S.Err
PL012           raw         98      11263       7044       2412        130       1807       4349         98
PL012           sys         98      11263      62.54      21.42       1.15      16.04      38.61     100.00
PL030           raw        100       7217       5288       1393        290        536       2219        100
PL030           sys        100       7217      73.27      19.30       4.02       7.43      30.75     100.00
PL036           raw         98       7537       4816       1617        117       1104       2838         98
PL036           sys         98       7537      63.90      21.45       1.55      14.65      37.65     100.00
PL037           raw         98      10822       6231       3150        382       1441       4973         98
PL037           sys         98      10822      57.58      29.11       3.53      13.32      45.95     100.00
PL038           raw        101       5034       3526       1099        121        409       1629        100
PL038           sys        101       5034      70.04      21.83       2.40       8.12      32.36      99.01
PL039           raw        107       7971       5398       1595        149        978       2722        107
PL039           sys        107       7971      67.72      20.01       1.87      12.27      34.15     100.00
PL040           raw         95       9457       6259       1832        112       1366       3310         95
PL040           sys         95       9457      66.18      19.37       1.18      14.44      35.00     100.00
PL041           raw         95      11682       7664       2623        186       1395       4204         95
PL041           sys         95      11682      65.61      22.45       1.59      11.94      35.99     100.00
PL046           raw         99      10921       7802       2326        582        793       3701         99
PL046           sys         99      10921      71.44      21.30       5.33       7.26      33.89     100.00
PL063           raw        101      14840       9560       3589        307       1691       5587        101
PL063           sys        101      14840      64.42      24.18       2.07      11.39      37.65     100.00
PL072           raw        127       9322       5904       1846        115       1572       3533        126
PL072           sys        127       9322      63.33      19.80       1.23      16.86      37.90      99.21
PL077           raw         30       3270       1901        741         18        628       1387         30
PL077           sys         30       3270      58.13      22.66       0.55      19.20      42.42     100.00
PL084           raw         98       7463       5516       1391        136        556       2083         97
PL084           sys         98       7463      73.91      18.64       1.82       7.45      27.91      98.98
PL090           raw        101       9989       7607       1901        300        481       2682        101
PL090           sys        101       9989      76.15      19.03       3.00       4.82      26.85     100.00
PL097           raw        104       9573       6705       2045        261        823       3129        104
PL097           sys        104       9573      70.04      21.36       2.73       8.60      32.69     100.00
SUM             raw       1452     136361      91221      29560       3206      15580      48346       1449
SUM             sys       1452     136361      66.90      21.68       2.35      11.43      35.45      99.79
