SPEAKER         id       #SENT      #WORD       Corr        Sub        Ins        Del        Err      S.Err
PL012           raw          7        299        209         49          6         41         96          7
PL012           sys          7        299      69.90      16.39       2.01      13.71      32.11     100.00
PL030           raw         12        272        196         56          9         20         85         12
PL030           sys         12        272      72.06      20.59       3.31       7.35      31.25     100.00
PL036           raw         27        924        577        206          7        141        354         27
PL036           sys         27        924      62.45      22.29       0.76      15.26      38.31     100.00
PL037           raw          9        481        286        127         17         68        212          9
PL037           sys          9        481      59.46      26.40       3.53      14.14      44.07     100.00
PL038           raw         34        911        624        212         14         75        301         32
PL038           sys         34        911      68.50      23.27       1.54       8.23      33.04      94.12
PL039           raw         33       1177        763        283         18        131        432         33
PL039           sys         33       1177      64.83      24.04       1.53      11.13      36.70     100.00
PL040           raw         24       1141        727        245          6        169        420         24
PL040           sys         24       1141      63.72      21.47       0.53      14.81      36.81     100.00
PL041           raw         18        893        574        203         11        116        330         18
PL041           sys         18        893      64.28      22.73       1.23      12.99      36.95     100.00
PL046           raw          4         95         75         19          7          1         27          4
PL046           sys          4         95      78.95      20.00       7.37       1.05      28.42     100.00
PL063           raw          3        142         91         35          0         16         51          3
PL063           sys          3        142      64.08      24.65       0.00      11.27      35.92     100.00
PL072           raw         42       1866       1199        382         19        285        686         42
PL072           sys         42       1866      64.26      20.47       1.02      15.27      36.76     100.00
PL077           raw          5        289        176         53          0         60        113          5
PL077           sys          5        289      60.90      18.34       0.00      20.76      39.10     100.00
PL084           raw         24        807        590        158         14         59        231         24
PL084           sys         24        807      73.11      19.58       1.73       7.31      28.62     100.00
PL090           raw          7        181        137         41          6          3         50          7
PL090           sys          7        181      75.69      22.65       3.31       1.66      27.62     100.00
PL097           raw         10        301        188         80          8         33        121         10
PL097           sys         10        301      62.46      26.58       2.66      10.96      40.20     100.00
SUM             raw        259       9779       6412       2149        142       1218       3509        257
SUM             sys        259       9779      65.57      21.98       1.45      12.46      35.88      99.23
