SPEAKER         id       #SENT      #WORD       Corr        Sub        Ins        Del        Err      S.Err
SW030           raw         73       4855       2881       1502        306        472       2280         73
SW030           sys         73       4855      59.34      30.94       6.30       9.72      46.96     100.00
SW031           raw        100       7021       3699       2044         90       1278       3412        100
SW031           sys        100       7021      52.68      29.11       1.28      18.20      48.60     100.00
SW032           raw        102       7344       3094       2227        106       2023       4356        102
SW032           sys        102       7344      42.13      30.32       1.44      27.55      59.31     100.00
SW034           raw        110       9633       5226       2829        117       1578       4524        110
SW034           sys        110       9633      54.25      29.37       1.21      16.38      46.96     100.00
SW035           raw         77       6054       2871       2191        222        992       3405         77
SW035           sys         77       6054      47.42      36.19       3.67      16.39      56.24     100.00
SW045           raw        140      10345       6023       2891        187       1431       4509        140
SW045           sys        140      10345      58.22      27.95       1.81      13.83      43.59     100.00
SW046           raw        100       7045       3841       2035        148       1169       3352        100
SW046           sys        100       7045      54.52      28.89       2.10      16.59      47.58     100.00
SW047           raw        125      10450       5052       3308        108       2090       5506        125
SW047           sys        125      10450      48.34      31.66       1.03      20.00      52.69     100.00
SW048           raw        117       8450       3844       2839         73       1767       4679        117
SW048           sys        117       8450      45.49      33.60       0.86      20.91      55.37     100.00
SW049           raw        130       9762       4542       2708         70       2512       5290        130
SW049           sys        130       9762      46.53      27.74       0.72      25.73      54.19     100.00
SW050           raw         77       5765       2315       1718         32       1732       3482         77
SW050           sys         77       5765      40.16      29.80       0.56      30.04      60.40     100.00
SW066           raw        101       8631       4599       2654        117       1378       4149        101
SW066           sys        101       8631      53.28      30.75       1.36      15.97      48.07     100.00
SW067           raw         89       7057       3887       2051        205       1119       3375         89
SW067           sys         89       7057      55.08      29.06       2.90      15.86      47.82     100.00
SW068           raw        125       9394       5066       2623        102       1705       4430        125
SW068           sys        125       9394      53.93      27.92       1.09      18.15      47.16     100.00
SW069           raw         88       5945       3487       1566        109        892       2567         88
SW069           sys         88       5945      58.65      26.34       1.83      15.00      43.18     100.00
SUM             raw       1554     117751      60427      35186       1992      22138      59316       1554
SUM             sys       1554     117751      51.32      29.88       1.69      18.80      50.37     100.00
