SPEAKER         id       #SENT      #WORD       Corr        Sub        Ins        Del        Err      S.Err
TU008           raw         56       6000       4171        958         43        871       1872         56
TU008           sys         56       6000      69.52      15.97       0.72      14.52      31.20     100.00
TU024           raw         84       7911       5191       1319         65       1401       2785         84
TU024           sys         84       7911      65.62      16.67       0.82      17.71      35.20     100.00
TU029           raw         53       6601       4670       1046         98        885       2029         53
TU029           sys         53       6601      70.75      15.85       1.48      13.41      30.74     100.00
TU033           raw         83       9448       4826       1850         36       2772       4658         83
TU033           sys         83       9448      51.08      19.58       0.38      29.34      49.30     100.00
TU053           raw         55       7373       4054       1267         28       2052       3347         55
TU053           sys         55       7373      54.98      17.18       0.38      27.83      45.40     100.00
TU054           raw         43       5378       2658       1326         24       1394       2744         43
TU054           sys         43       5378      49.42      24.66       0.45      25.92      51.02     100.00
TU055           raw         54       6151       3789       1192         42       1170       2404         54
TU055           sys         54       6151      61.60      19.38       0.68      19.02      39.08     100.00
TU056           raw         43       6860       4084       1498         48       1278       2824         43
TU056           sys         43       6860      59.53      21.84       0.70      18.63      41.17     100.00
TU059           raw         49       5184       3324        913         31        947       1891         49
TU059           sys         49       5184      64.12      17.61       0.60      18.27      36.48     100.00
TU060           raw         32       3521       2150        790         49        581       1420         32
TU060           sys         32       3521      61.06      22.44       1.39      16.50      40.33     100.00
TU061           raw         83       7794       4825       1465         54       1504       3023         83
TU061           sys         83       7794      61.91      18.80       0.69      19.30      38.79     100.00
TU063           raw         68       8836       5629       1622         46       1585       3253         68
TU063           sys         68       8836      63.71      18.36       0.52      17.94      36.82     100.00
TU071           raw         50       6525       4048       1200         86       1277       2563         50
TU071           sys         50       6525      62.04      18.39       1.32      19.57      39.28     100.00
TU073           raw         48       5096       3177       1039        157        880       2076         48
TU073           sys         48       5096      62.34      20.39       3.08      17.27      40.74     100.00
TU074           raw         37       4095       2240       1001         19        854       1874         37
TU074           sys         37       4095      54.70      24.44       0.46      20.85      45.76     100.00
TU079           raw         74       6782       3589       1727         60       1466       3253         74
TU079           sys         74       6782      52.92      25.46       0.88      21.62      47.97     100.00
TU090           raw         27       2984       1875        590        106        519       1215         27
TU090           sys         27       2984      62.84      19.77       3.55      17.39      40.72     100.00
SUM             raw        939     106539      64300      20803        992      21436      43231        939
SUM             sys        939     106539      60.35      19.53       0.93      20.12      40.58     100.00
