SPEAKER         id       #SENT      #WORD       Corr        Sub        Ins        Del        Err      S.Err
BG051           raw         99      10275       7438       1879        154        958       2991         99
BG051           sys         99      10275      72.39      18.29       1.50       9.32      29.11     100.00
BG052           raw        117      12448       9031       2415        329       1002       3746        117
BG052           sys        117      12448      72.55      19.40       2.64       8.05      30.09     100.00
BG053           raw        119      11096       8422       1885        232        789       2906        119
BG053           sys        119      11096      75.90      16.99       2.09       7.11      26.19     100.00
BG054           raw        120      10987       7089       2481        129       1417       4027        120
BG054           sys        120      10987      64.52      22.58       1.17      12.90      36.65     100.00
BG055           raw        103      10059       7346       1968        223        745       2936        102
BG055           sys        103      10059      73.03      19.56       2.22       7.41      29.19      99.03
BG058           raw         99       9231       5549       1973         84       1709       3766         99
BG058           sys         99       9231      60.11      21.37       0.91      18.51      40.80     100.00
BG084           raw         98      11431       6291       2323         53       2817       5193         98
BG084           sys         98      11431      55.03      20.32       0.46      24.64      45.43     100.00
BG090           raw        101      11177       8013       2304        330        860       3494        101
BG090           sys        101      11177      71.69      20.61       2.95       7.69      31.26     100.00
BG100           raw        106      11516       8321       1854         90       1341       3285        105
BG100           sys        106      11516      72.26      16.10       0.78      11.64      28.53      99.06
BG106           raw        109       8519       6308       1481        148        730       2359        109
BG106           sys        109       8519      74.05      17.38       1.74       8.57      27.69     100.00
SUM             raw       1071     106739      73808      20563       1772      12368      34703       1069
SUM             sys       1071     106739      69.15      19.26       1.66      11.59      32.51      99.81
