SPEAKER         id       #SENT      #WORD       Corr        Sub        Ins        Del        Err      S.Err
UA027           raw        105       3590       1616       1408         34        566       2008        105
UA027           sys        105       3590      45.01      39.22       0.95      15.77      55.93     100.00
UA028           raw        110       3276       1362       1534         40        380       1954        110
UA028           sys        110       3276      41.58      46.83       1.22      11.60      59.65     100.00
UA029           raw        110       3076       1503       1227         41        346       1614        110
UA029           sys        110       3076      48.86      39.89       1.33      11.25      52.47     100.00
UA031           raw        107       3594       1816       1326         19        452       1797        107
UA031           sys        107       3594      50.53      36.89       0.53      12.58      50.00     100.00
UA032           raw        109       3764       1918       1529        103        317       1949        109
UA032           sys        109       3764      50.96      40.62       2.74       8.42      51.78     100.00
UA033           raw        108       3489       1678       1414         47        397       1858        108
UA033           sys        108       3489      48.09      40.53       1.35      11.38      53.25     100.00
UA034           raw        110       3837       1975       1356         38        506       1900        110
UA034           sys        110       3837      51.47      35.34       0.99      13.19      49.52     100.00
UA035           raw        108       3483       1884       1169         33        430       1632        108
UA035           sys        108       3483      54.09      33.56       0.95      12.35      46.86     100.00
UA036           raw        110       3480       1766       1453         87        261       1801        110
UA036           sys        110       3480      50.75      41.75       2.50       7.50      51.75     100.00
UA037           raw        112       3667       2218       1186         56        263       1505        112
UA037           sys        112       3667      60.49      32.34       1.53       7.17      41.04     100.00
UA038           raw        113       3457       1825       1338         67        294       1699        113
UA038           sys        113       3457      52.79      38.70       1.94       8.50      49.15     100.00
UA039           raw        107       3303       1768       1272         55        263       1590        107
UA039           sys        107       3303      53.53      38.51       1.67       7.96      48.14     100.00
UA040           raw        111       3465       1805       1186         14        474       1674        111
UA040           sys        111       3465      52.09      34.23       0.40      13.68      48.31     100.00
UA041           raw        111       3570       1619       1367         42        584       1993        111
UA041           sys        111       3570      45.35      38.29       1.18      16.36      55.83     100.00
UA042           raw        107       3567       2124       1186         26        257       1469        107
UA042           sys        107       3567      59.55      33.25       0.73       7.20      41.18     100.00
UA044           raw        104       3069       1740       1015         34        314       1363        104
UA044           sys        104       3069      56.70      33.07       1.11      10.23      44.41     100.00
UA045           raw        107       3524       1931       1318         49        275       1642        107
UA045           sys        107       3524      54.80      37.40       1.39       7.80      46.59     100.00
UA047           raw        107       3237       1706       1251         56        280       1587        107
UA047           sys        107       3237      52.70      38.65       1.73       8.65      49.03     100.00
UA083           raw        114       3889       2281       1419        102        189       1710        114
UA083           sys        114       3889      58.65      36.49       2.62       4.86      43.97     100.00
UA088           raw        112       3417       2175       1084         76        158       1318        112
UA088           sys        112       3417      63.65      31.72       2.22       4.62      38.57     100.00
SUM             raw       2182      69754      36710      26038       1019       7006      34063       2182
SUM             sys       2182      69754      52.63      37.33       1.46      10.04      48.83     100.00
