SPEAKER         id       #SENT      #WORD       Corr        Sub        Ins        Del        Err      S.Err
SA004           raw         45       2050       1248        415         13        387        815         45
SA004           sys         45       2050      60.88      20.24       0.63      18.88      39.76     100.00
SA005           raw         16        608        435        105         10         68        183         16
SA005           sys         16        608      71.55      17.27       1.64      11.18      30.10     100.00
SA015           raw        212       8843       6008       1948        160        887       2995        212
SA015           sys        212       8843      67.94      22.03       1.81      10.03      33.87     100.00
SA017           raw        208       8676       5809       1744         88       1123       2955        208
SA017           sys        208       8676      66.95      20.10       1.01      12.94      34.06     100.00
SA020           raw        223       9022       6369       1696        135        957       2788        223
SA020           sys        223       9022      70.59      18.80       1.50      10.61      30.90     100.00
SA021           raw        107       4593       2550       1129         42        914       2085        107
SA021           sys        107       4593      55.52      24.58       0.91      19.90      45.40     100.00
SA023           raw        110       4489       2822       1100        130        567       1797        110
SA023           sys        110       4489      62.86      24.50       2.90      12.63      40.03     100.00
SA081           raw        199       6899       4846       1219         80        834       2133        198
SA081           sys        199       6899      70.24      17.67       1.16      12.09      30.92      99.50
SA084           raw         98       3322       2088        820         45        414       1279         98
SA084           sys         98       3322      62.85      24.68       1.35      12.46      38.50     100.00
SUM             raw       1218      48502      32175      10176        703       6151      17030       1217
SUM             sys       1218      48502      66.34      20.98       1.45      12.68      35.11      99.92
