phone affricate alveolar alveolo-palatal apical approximant aspirated back bilabial breathy-voice central click close close-mid consonant coronal dental dorsal ejective epiglottal flap fricative front glottal implosive labial labial-palatal labial-velar labiodental lateral long nasal near-close near-open non-syllabic open open-mid palatal palatal-velar pharyngeal plosive postalveolar retroflex rounded stop trill unrounded uvular velar voiced voiceless vowel
&     0         0        0               0      0           0         0    0        0             0       0     0     0         0         0       0      0      0        0          0    0         1     0       0         0      0              0            0           0       0    0     0          0         0            1    0        0       0             0          0       0            0         1       0    0     0         0      0     0      0         1     
1     0         0        0               0      0           0         0    0        0             1       0     1     0         0         0       0      0      0        0          0    0         0     0       0         0      0              0            0           0       0    0     0          0         0            0    0        0       0             0          0       0            0         0       0    0     1         0      0     0      0         1     
2     0         0        0               0      0           0         0    0        0             0       0     0     1         0         0       0      0      0        0          0    0         1     0       0         0      0              0            0           0       0    0     0          0         0            0    0        0       0             0          0       0            0         1       0    0     0         0      0     0      0         1     
3\    0         0        0               0      0           0         0    0        0             1       0     0     0         0         0       0      0      0        0          0    0         0     0       0         0      0              0            0           0       0    0     0          0         0            0    1        0       0             0          0       0            0         1       0    0     0         0      0     0      0         1     
4     0         1        0               0      0           0         0    0        0             0       0     0     0         1         1       0      0      0        0          1    0         0     0       0         0      0              0            0           0       0    0     0          0         0            0    0        0       0             0          0       0            0         0       0    0     0         0      0     0      0         0     
6     0         0        0               0      0           0         0    0        0             1       0     0     0         0         0       0      0      0        0          0    0         0     0       0         0      0              0            0           0       0    0     0          1         0            0    0        0       0             0          0       0            0         0       0    0     0         0      0     0      0         1     
6_~   0         0        0               0      0           0         0    0        0             1       0     0     0         0         0       0      0      0        0          0    0         0     0       0         0      0              0            0           0       0    1     0          1         0            0    0        0       0             0          0       0            0         0       0    0     0         0      0     0      0         1     
9     0         0        0               0      0           0         0    0        0             0       0     0     0         0         0       0      0      0        0          0    0         1     0       0         0      0              0            0           0       0    0     0          0         0            0    1        0       0             0          0       0            0         1       0    0     0         0      0     0      0         1     
9:    0         0        0               0      0           0         0    0        0             0       0     0     0         0         0       0      0      0        0          0    0         1     0       0         0      0              0            0           0       1    0     0          0         0            0    1        0       0             0          0       0            0         1       0    0     0         0      0     0      0         1     
9_~   0         0        0               0      0           0         0    0        0             0       0     0     0         0         0       0      0      0        0          0    0         1     0       0         0      0              0            0           0       0    1     0          0         0            0    1        0       0             0          0       0            0         1       0    0     0         0      0     0      0         1     
?_j   0         0        0               0      0           0         0    0        0             0       0     0     0         1         0       0      0      0        0          0    0         0     1       0         0      0              0            0           0       0    0     0          0         0            0    0        1       0             0          0       0            0         0       1    0     0         0      0     0      0         0     
@     0         0        0               0      0           0         0    0        0             1       0     0     1         0         0       0      0      0        0          0    0         0     0       0         0      0              0            0           0       0    0     0          0         0            0    1        0       0             0          0       0            0         1       0    0     1         0      0     0      0         1     
A     0         0        0               0      0           0         1    0        0             0       0     0     0         0         0       0      0      0        0          0    0         0     0       0         0      0              0            0           0       0    0     0          0         0            1    0        0       0             0          0       0            0         0       0    0     1         0      0     0      0         1     
A:    0         0        0               0      0           0         1    0        0             0       0     0     0         0         0       0      0      0        0          0    0         0     0       0         0      0              0            0           0       1    0     0          0         0            1    0        0       0             0          0       0            0         0       0    0     1         0      0     0      0         1     
A_~   0         0        0               0      0           0         1    0        0             0       0     0     0         0         0       0      0      0        0          0    0         0     0       0         0      0              0            0           0       0    1     0          0         0            1    0        0       0             0          0       0            0         0       0    0     1         0      0     0      0         1     
B     0         0        0               0      0           0         0    1        0             0       0     0     0         1         0       0      0      0        0          0    1         0     0       0         1      0              0            0           0       0    0     0          0         0            0    0        0       0             0          0       0            0         0       0    0     0         0      0     1      0         0     
C     0         0        0               0      0           0         0    0        0             0       0     0     0         1         0       0      0      0        0          0    1         0     0       0         0      0              0            0           0       0    0     0          0         0            0    0        1       0             0          0       0            0         0       0    0     0         0      0     0      1         0     
D     0         0        0               0      0           0         0    0        0             0       0     0     0         1         1       1      0      0        0          0    1         0     0       0         0      0              0            0           0       0    0     0          0         0            0    0        0       0             0          0       0            0         0       0    0     0         0      0     1      0         0     
E     0         0        0               0      0           0         0    0        0             0       0     0     0         0         0       0      0      0        0          0    0         1     0       0         0      0              0            0           0       0    0     0          0         0            0    1        0       0             0          0       0            0         0       0    0     1         0      0     0      0         1     
E:    0         0        0               0      0           0         0    0        0             0       0     0     0         0         0       0      0      0        0          0    0         1     0       0         0      0              0            0           0       1    0     0          0         0            0    1        0       0             0          0       0            0         0       0    0     1         0      0     0      0         1     
EU    0         0        0               0      0           0         1    0        0             0       0     0     0         0         0       0      0      0        0          0    0         1     0       0         0      0              0            0           0       0    0     1          0         0            0    1        0       0             0          0       0            0         1       0    0     1         0      0     0      0         1     
E_~   0         0        0               0      0           0         0    0        0             0       0     0     0         0         0       0      0      0        0          0    0         1     0       0         0      0              0            0           0       0    1     0          0         0            0    1        0       0             0          0       0            0         0       0    0     1         0      0     0      0         1     
G     0         0        0               0      0           0         0    0        0             0       0     0     0         1         0       0      1      0        0          0    1         0     0       0         0      0              0            0           0       0    0     0          0         0            0    0        0       0             0          0       0            0         0       0    0     0         0      1     1      0         0     
I     0         0        0               0      0           0         0    0        0             0       0     0     0         0         0       0      0      0        0          0    0         1     0       0         0      0              0            0           0       0    0     1          0         0            0    0        0       0             0          0       0            0         0       0    0     1         0      0     0      0         1     
J     0         0        0               0      0           0         0    0        0             0       0     0     0         1         0       0      0      0        0          0    0         0     0       0         0      0              0            0           0       0    1     0          0         0            0    0        1       0             0          0       0            0         0       0    0     0         0      0     0      0         0     
L     0         0        0               0      1           0         0    0        0             0       0     0     0         1         0       0      0      0        0          0    0         0     0       0         0      0              0            0           1       0    0     0          0         0            0    0        1       0             0          0       0            0         0       0    0     0         0      0     0      0         0     
M\    0         0        0               0      1           0         0    0        0             0       0     0     0         1         0       0      1      0        0          0    0         0     0       0         0      0              0            0           0       0    0     0          0         0            0    0        0       0             0          0       0            0         0       0    0     0         0      1     0      0         0     
N     0         0        0               0      0           0         0    0        0             0       0     0     0         1         0       0      1      0        0          0    0         0     0       0         0      0              0            0           0       0    1     0          0         0            0    0        0       0             0          0       0            0         0       0    0     0         0      1     0      0         0     
N\    0         0        0               0      0           0         0    0        0             0       0     0     0         1         0       0      1      0        0          0    0         0     0       0         0      0              0            0           0       0    1     0          0         0            0    0        0       0             0          0       0            0         0       0    0     0         1      0     0      0         0     
O     0         0        0               0      0           0         1    0        0             0       0     0     0         0         0       0      0      0        0          0    0         0     0       0         0      0              0            0           0       0    0     0          0         0            0    1        0       0             0          0       0            0         1       0    0     0         0      0     0      0         1     
OI    0         0        0               0      0           0         1    0        0             0       0     0     0         0         0       0      0      0        0          0    0         1     0       0         0      0              0            0           0       0    0     1          0         0            0    1        0       0             0          0       0            0         1       0    0     1         0      0     0      0         1     
OU    0         0        0               0      0           0         1    0        0             0       0     0     0         0         0       0      0      0        0          0    0         0     0       0         0      0              0            0           0       0    0     1          0         0            0    1        0       0             0          0       0            0         1       0    0     0         0      0     0      0         1     
O_~   0         0        0               0      0           0         1    0        0             0       0     0     0         0         0       0      0      0        0          0    0         0     0       0         0      0              0            0           0       0    1     0          0         0            0    1        0       0             0          0       0            0         1       0    0     0         0      0     0      0         1     
P     0         0        0               0      1           0         0    0        0             0       0     0     0         1         0       0      0      0        0          0    0         0     0       0         1      0              0            1           0       0    0     0          0         0            0    0        0       0             0          0       0            0         0       0    0     0         0      0     0      0         0     
R     0         0        0               0      0           0         0    0        0             0       0     0     0         1         0       0      0      0        0          0    1         0     0       0         0      0              0            0           0       0    0     0          0         0            0    0        0       0             0          0       0            0         0       0    0     0         1      0     1      0         0     
R\    0         0        0               0      0           0         0    0        0             0       0     0     0         1         0       0      0      0        0          0    0         0     0       0         0      0              0            0           0       0    0     0          0         0            0    0        0       0             0          0       0            0         0       0    1     0         1      0     0      0         0     
S     0         0        0               0      0           0         0    0        0             0       0     0     0         1         1       0      0      0        0          0    1         0     0       0         0      0              0            0           0       0    0     0          0         0            0    0        0       0             0          0       1            0         0       0    0     0         0      0     0      1         0     
S_a   0         0        0               1      0           0         0    0        0             0       0     0     0         1         1       0      0      0        0          0    1         0     0       0         0      0              0            0           0       0    0     0          0         0            0    0        0       0             0          0       1            0         0       0    0     0         0      0     0      1         0     
S_j   0         0        0               0      0           0         0    0        0             0       0     0     0         1         1       0      0      0        0          0    1         0     0       0         0      0              0            0           0       0    0     0          0         0            0    0        1       0             0          0       1            0         0       0    0     0         0      0     0      1         0     
T     0         0        0               0      0           0         0    0        0             0       0     0     0         1         1       1      0      0        0          0    1         0     0       0         0      0              0            0           0       0    0     0          0         0            0    0        0       0             0          0       0            0         0       0    0     0         0      0     0      1         0     
U     0         0        0               0      0           0         1    0        0             0       0     0     0         0         0       0      0      0        0          0    0         0     0       0         0      0              0            0           0       0    0     1          0         0            0    0        0       0             0          0       0            0         1       0    0     0         0      0     0      0         1     
X     0         0        0               0      0           0         0    0        0             0       0     0     0         1         0       0      0      0        0          0    1         0     0       0         0      0              0            0           0       0    0     0          0         0            0    0        0       0             0          0       0            0         0       0    0     0         1      0     0      1         0     
Z     0         0        0               0      0           0         0    0        0             0       0     0     0         1         1       0      0      0        0          0    1         0     0       0         0      0              0            0           0       0    0     0          0         0            0    0        0       0             0          0       1            0         0       0    0     0         0      0     1      0         0     
Z_j   0         0        0               0      0           0         0    0        0             0       0     0     0         1         1       0      0      0        0          0    1         0     0       0         0      0              0            0           0       0    0     0          0         0            0    0        1       0             0          0       1            0         0       0    0     0         0      0     1      0         0     
a     0         0        0               0      0           0         0    0        0             0       0     0     0         0         0       0      0      0        0          0    0         1     0       0         0      0              0            0           0       0    0     0          0         0            1    0        0       0             0          0       0            0         0       0    0     1         0      0     0      0         1     
a:    0         0        0               0      0           0         0    0        0             0       0     0     0         0         0       0      0      0        0          0    0         1     0       0         0      0              0            0           0       1    0     0          0         0            1    0        0       0             0          0       0            0         0       0    0     1         0      0     0      0         1     
aI    0         0        0               0      0           0         0    0        0             0       0     0     0         0         0       0      0      0        0          0    0         1     0       0         0      0              0            0           0       0    0     1          0         0            1    0        0       0             0          0       0            0         0       0    0     1         0      0     0      0         1     
aU    0         0        0               0      0           0         1    0        0             0       0     0     0         0         0       0      0      0        0          0    0         1     0       0         0      0              0            0           0       0    0     1          0         0            1    0        0       0             0          0       0            0         1       0    0     1         0      0     0      0         1     
ai    0         0        0               0      0           0         0    0        0             0       0     1     0         0         0       0      0      0        0          0    0         1     0       0         0      0              0            0           0       0    0     0          0         0            1    0        0       0             0          0       0            0         0       0    0     1         0      0     0      0         1     
au    0         0        0               0      0           0         1    0        0             0       0     1     0         0         0       0      0      0        0          0    0         1     0       0         0      0              0            0           0       0    0     0          0         0            1    0        0       0             0          0       0            0         1       0    0     1         0      0     0      0         1     
b     0         0        0               0      0           0         0    1        0             0       0     0     0         1         0       0      0      0        0          0    0         0     0       0         1      0              0            0           0       0    0     0          0         0            0    0        0       0             0          0       0            0         0       1    0     0         0      0     1      0         0     
b_<   0         0        0               0      0           0         0    1        0             0       0     0     0         1         0       0      0      0        0          0    0         0     0       1         1      0              0            0           0       0    0     0          0         0            0    0        0       0             0          0       0            0         0       1    0     0         0      0     1      0         0     
b_j   0         0        0               0      0           0         0    1        0             0       0     0     0         1         0       0      0      0        0          0    0         0     0       0         1      0              0            0           0       0    0     0          0         0            0    0        1       0             0          0       0            0         0       1    0     0         0      0     1      0         0     
b_~   0         0        0               0      0           0         0    1        0             0       0     0     0         1         0       0      0      0        0          0    0         0     0       0         1      0              0            0           0       0    1     0          0         0            0    0        0       0             0          0       0            0         0       1    0     0         0      0     1      0         0     
c     0         0        0               0      0           0         0    0        0             0       0     0     0         1         0       0      1      0        0          0    0         0     0       0         0      0              0            0           0       0    0     0          0         0            0    0        1       0             0          0       0            0         0       1    0     0         0      0     0      1         0     
d     0         1        0               0      0           0         0    0        0             0       0     0     0         1         1       0      0      0        0          0    0         0     0       0         0      0              0            0           0       0    0     0          0         0            0    0        0       0             0          1       0            0         0       0    0     0         0      0     1      0         0     
dZ    1         0        0               0      0           0         0    0        0             0       0     0     0         1         1       0      0      0        0          0    0         0     0       0         0      0              0            0           0       0    0     0          0         0            0    0        0       0             0          0       1            0         0       0    0     0         0      0     1      0         0     
d_<   0         1        0               0      0           0         0    0        0             0       0     0     0         1         1       0      0      0        0          0    0         0     0       1         0      0              0            0           0       0    0     0          0         0            0    0        0       0             0          0       0            0         0       0    0     0         0      0     1      0         0     
d_d   0         1        0               0      0           0         0    0        0             0       0     0     0         1         1       1      0      0        0          0    0         0     0       0         0      0              0            0           0       0    0     0          0         0            0    0        0       0             0          1       0            0         0       0    0     0         0      0     1      0         0     
d_j   0         1        0               0      0           0         0    0        0             0       0     0     0         1         1       0      0      0        0          0    0         0     0       0         0      0              0            0           0       0    0     0          0         0            0    0        1       0             0          1       0            0         0       0    0     0         0      0     1      0         0     
d_~   0         1        0               0      0           0         0    0        0             0       0     0     0         1         1       0      0      0        0          0    0         0     0       0         0      0              0            0           0       0    1     0          0         0            0    0        0       0             0          1       0            0         0       0    0     0         0      0     1      0         0     
d`    0         0        0               0      0           0         0    0        0             0       0     0     0         1         1       0      0      0        0          0    0         0     0       0         0      0              0            0           0       0    0     0          0         0            0    0        0       0             0          1       0            1         0       0    0     0         0      0     1      0         0     
dz    1         1        0               0      0           0         0    0        0             0       0     0     0         1         1       0      0      0        0          0    0         0     0       0         0      0              0            0           0       0    0     0          0         0            0    0        0       0             0          0       0            0         0       0    0     0         0      0     1      0         0     
dz_j  1         1        0               0      0           0         0    0        0             0       0     0     0         1         1       0      0      0        0          0    0         0     0       0         0      0              0            0           0       0    0     0          0         0            0    0        1       0             0          0       0            0         0       0    0     0         0      0     1      0         0     
e     0         0        0               0      0           0         0    0        0             0       0     0     1         0         0       0      0      0        0          0    0         1     0       0         0      0              0            0           0       0    0     0          0         0            0    0        0       0             0          0       0            0         0       0    0     1         0      0     0      0         1     
e:    0         0        0               0      0           0         0    0        0             0       0     0     1         0         0       0      0      0        0          0    0         1     0       0         0      0              0            0           0       1    0     0          0         0            0    0        0       0             0          0       0            0         0       0    0     1         0      0     0      0         1     
eI    0         0        0               0      0           0         0    0        0             0       0     0     1         0         0       0      0      0        0          0    0         1     0       0         0      0              0            0           0       0    0     1          0         0            0    0        0       0             0          0       0            0         0       0    0     1         0      0     0      0         1     
eU    0         0        0               0      0           0         1    0        0             0       0     0     1         0         0       0      0      0        0          0    0         1     0       0         0      0              0            0           0       0    0     1          0         0            0    0        0       0             0          0       0            0         1       0    0     1         0      0     0      0         1     
e_~   0         0        0               0      0           0         0    0        0             0       0     0     1         0         0       0      0      0        0          0    0         1     0       0         0      0              0            0           0       0    1     0          0         0            0    0        0       0             0          0       0            0         0       0    0     1         0      0     0      0         1     
f     0         0        0               0      0           0         0    0        0             0       0     0     0         1         0       0      0      0        0          0    1         0     0       0         1      0              0            1           0       0    0     0          0         0            0    0        0       0             0          0       0            0         0       0    0     0         0      0     0      1         0     
f_j   0         0        0               0      0           0         0    0        0             0       0     0     0         1         0       0      0      0        0          0    1         0     0       0         1      0              0            1           0       0    0     0          0         0            0    0        1       0             0          0       0            0         0       0    0     0         0      0     0      1         0     
g     0         0        0               0      0           0         0    0        0             0       0     0     0         1         0       0      1      0        0          0    0         0     0       0         0      0              0            0           0       0    0     0          0         0            0    0        0       0             0          1       0            0         0       0    0     0         0      1     1      0         0     
g_<   0         0        0               0      0           0         0    0        0             0       0     0     0         1         0       0      1      0        0          0    0         0     0       1         0      0              0            0           0       0    0     0          0         0            0    0        0       0             0          0       0            0         0       0    0     0         0      1     1      0         0     
g_~   0         0        0               0      0           0         0    0        0             0       0     0     0         1         0       0      1      0        0          0    0         0     0       0         0      0              0            0           0       0    1     0          0         0            0    0        0       0             0          1       0            0         0       0    0     0         0      1     1      0         0     
h     0         0        0               0      0           0         0    0        0             0       0     0     0         1         0       0      0      0        0          0    1         0     1       0         0      0              0            0           0       0    0     0          0         0            0    0        0       0             0          0       0            0         0       0    0     0         0      0     0      1         0     
h\    0         0        0               0      0           0         0    0        0             0       0     0     0         1         0       0      0      0        0          0    1         0     1       0         0      0              0            0           0       0    0     0          0         0            0    0        0       0             0          0       0            0         0       0    0     0         0      0     1      0         0     
h\_j  0         0        0               0      0           0         0    0        0             0       0     0     0         1         0       0      0      0        0          0    1         0     1       0         0      0              0            0           0       0    0     0          0         0            0    0        1       0             0          0       0            0         0       0    0     0         0      0     1      0         0     
i     0         0        0               0      0           0         0    0        0             0       0     1     0         0         0       0      0      0        0          0    0         1     0       0         0      0              0            0           0       0    0     0          0         0            0    0        0       0             0          0       0            0         0       0    0     1         0      0     0      0         1     
i:    0         0        0               0      0           0         0    0        0             0       0     1     0         0         0       0      0      0        0          0    0         1     0       0         0      0              0            0           0       1    0     0          0         0            0    0        0       0             0          0       0            0         0       0    0     1         0      0     0      0         1     
i_~   0         0        0               0      0           0         0    0        0             0       0     1     0         0         0       0      0      0        0          0    0         1     0       0         0      0              0            0           0       0    1     0          0         0            0    0        0       0             0          0       0            0         0       0    0     1         0      0     0      0         1     
j     0         0        0               0      1           0         0    0        0             0       0     0     0         1         0       0      1      0        0          0    0         0     0       0         0      0              0            0           0       0    0     0          0         0            0    0        1       0             0          0       0            0         0       0    0     0         0      0     1      0         0     
j_<   0         0        0               0      1           0         0    0        0             0       0     0     0         1         0       0      1      0        0          0    0         0     0       1         0      0              0            0           0       0    0     0          0         0            0    0        1       0             0          0       0            0         0       0    0     0         0      0     1      0         0     
j_<_~ 0         0        0               0      1           0         0    0        0             0       0     0     0         1         0       0      1      0        0          0    0         0     0       1         0      0              0            0           0       0    1     0          0         0            0    0        1       0             0          0       0            0         0       0    0     0         0      0     1      0         0     
k     0         0        0               0      0           0         0    0        0             0       0     0     0         1         0       0      1      0        0          0    0         0     0       0         0      0              0            0           0       0    0     0          0         0            0    0        0       0             0          1       0            0         0       0    0     0         0      1     0      1         0     
k_>   0         0        0               0      0           0         0    0        0             0       0     0     0         1         0       0      1      1        0          0    0         0     0       0         0      0              0            0           0       0    0     0          0         0            0    0        0       0             0          1       0            0         0       0    0     0         0      1     0      1         0     
k_h   0         0        0               0      0           1         0    0        0             0       0     0     0         1         0       0      1      0        0          0    0         0     0       0         0      0              0            0           0       0    0     0          0         0            0    0        0       0             0          1       0            0         0       0    0     0         0      1     0      1         0     
k_j   0         0        0               0      0           0         0    0        0             0       0     0     0         1         0       0      1      0        0          0    0         0     0       0         0      0              0            0           0       0    0     0          0         0            0    0        1       0             0          1       0            0         0       0    0     0         0      1     0      1         0     
l     0         1        0               0      1           0         0    0        0             0       0     0     0         1         1       0      0      0        0          0    0         0     0       0         0      0              0            0           1       0    0     0          0         0            0    0        0       0             0          0       0            0         0       0    0     0         0      0     1      0         0     
l_d   0         1        0               0      1           0         0    0        0             0       0     0     0         1         1       1      0      0        0          0    0         0     0       0         0      0              0            0           1       0    0     0          0         0            0    0        0       0             0          0       0            0         0       0    0     0         0      0     1      0         0     
l_j   0         1        0               0      1           0         0    0        0             0       0     0     0         1         1       0      0      0        0          0    0         0     0       0         0      0              0            0           1       0    0     0          0         0            0    0        1       0             0          0       0            0         0       0    0     0         0      0     1      0         0     
l`    0         0        0               0      1           0         0    0        0             0       0     0     0         1         1       0      0      0        0          0    0         0     0       0         0      0              0            0           1       0    0     0          0         0            0    0        0       0             0          0       0            1         0       0    0     0         0      0     1      0         0     
m     0         0        0               0      0           0         0    1        0             0       0     0     0         1         0       0      0      0        0          0    0         0     0       0         1      0              0            0           0       0    1     0          0         0            0    0        0       0             0          0       0            0         0       0    0     0         0      0     0      0         0     
m_j   0         0        0               0      0           0         0    1        0             0       0     0     0         1         0       0      0      0        0          0    0         0     0       0         1      0              0            0           0       0    1     0          0         0            0    0        1       0             0          0       0            0         0       0    0     0         0      0     0      0         0     
n     0         1        0               0      0           0         0    0        0             0       0     0     0         1         1       0      0      0        0          0    0         0     0       0         0      0              0            0           0       0    1     0          0         0            0    0        0       0             0          0       0            0         0       0    0     0         0      0     1      0         0     
n_d   0         1        0               0      0           0         0    0        0             0       0     0     0         1         1       1      0      0        0          0    0         0     0       0         0      0              0            0           0       0    1     0          0         0            0    0        0       0             0          0       0            0         0       0    0     0         0      0     1      0         0     
n_j   0         1        0               0      0           0         0    0        0             0       0     0     0         1         1       0      0      0        0          0    0         0     0       0         0      0              0            0           0       0    1     0          0         0            0    0        1       0             0          0       0            0         0       0    0     0         0      0     1      0         0     
n`    0         0        0               0      0           0         0    0        0             0       0     0     0         1         1       0      0      0        0          0    0         0     0       0         0      0              0            0           0       0    1     0          0         0            0    0        0       0             0          0       0            1         0       0    0     0         0      0     0      0         0     
o     0         0        0               0      0           0         1    0        0             0       0     0     1         0         0       0      0      0        0          0    0         0     0       0         0      0              0            0           0       0    0     0          0         0            0    0        0       0             0          0       0            0         1       0    0     0         0      0     0      0         1     
o:    0         0        0               0      0           0         1    0        0             0       0     0     1         0         0       0      0      0        0          0    0         0     0       0         0      0              0            0           0       1    0     0          0         0            0    0        0       0             0          0       0            0         1       0    0     0         0      0     0      0         1     
oI    0         0        0               0      0           0         1    0        0             0       0     0     1         0         0       0      0      0        0          0    0         1     0       0         0      0              0            0           0       0    0     1          0         0            0    0        0       0             0          0       0            0         1       0    0     1         0      0     0      0         1     
o_~   0         0        0               0      0           0         1    0        0             0       0     0     1         0         0       0      0      0        0          0    0         0     0       0         0      0              0            0           0       0    1     0          0         0            0    0        0       0             0          0       0            0         1       0    0     0         0      0     0      0         1     
p     0         0        0               0      0           0         0    1        0             0       0     0     0         1         0       0      0      0        0          0    0         0     0       0         1      0              0            0           0       0    0     0          0         0            0    0        0       0             0          1       0            0         0       0    0     0         0      0     0      1         0     
p\    0         0        0               0      0           0         0    1        0             0       0     0     0         1         0       0      0      0        0          0    1         0     0       0         1      0              0            0           0       0    0     0          0         0            0    0        0       0             0          0       0            0         0       0    0     0         0      0     0      1         0     
p_j   0         0        0               0      0           0         0    1        0             0       0     0     0         1         0       0      0      0        0          0    0         0     0       0         1      0              0            0           0       0    0     0          0         0            0    0        1       0             0          1       0            0         0       0    0     0         0      0     0      1         0     
r     0         1        0               0      0           0         0    0        0             0       0     0     0         1         1       0      0      0        0          0    0         0     0       0         0      0              0            0           0       0    0     0          0         0            0    0        0       0             0          0       0            0         0       0    1     0         0      0     0      0         0     
rZ    0         1        0               0      0           0         0    0        0             0       0     0     0         1         0       0      0      0        0          0    1         0     0       0         0      0              0            0           0       0    0     0          0         0            0    0        0       0             0          0       0            0         0       0    1     0         0      0     1      0         0     
r_0   0         1        0               0      0           0         0    0        0             0       0     0     0         1         0       0      0      0        0          0    0         0     0       0         0      0              0            0           0       0    0     0          0         0            0    0        0       0             0          0       0            0         0       0    1     0         0      0     0      1         0     
r_j   0         1        0               0      0           0         0    0        0             0       0     0     0         1         1       0      0      0        0          0    0         0     0       0         0      0              0            0           0       0    0     0          0         0            0    0        1       0             0          0       0            0         0       0    1     0         0      0     0      0         0     
r`    0         0        0               0      0           0         0    0        0             0       0     0     0         1         1       0      0      0        0          1    0         0     0       0         0      0              0            0           0       0    0     0          0         0            0    0        0       0             0          0       0            1         0       0    0     0         0      0     0      0         0     
s     0         1        0               0      0           0         0    0        0             0       0     0     0         1         1       0      0      0        0          0    1         0     0       0         0      0              0            0           0       0    0     0          0         0            0    0        0       0             0          0       0            0         0       0    0     0         0      0     0      1         0     
s_j   0         1        0               0      0           0         0    0        0             0       0     0     0         1         1       0      0      0        0          0    1         0     0       0         0      0              0            0           0       0    0     0          0         0            0    0        1       0             0          0       0            0         0       0    0     0         0      0     0      1         0     
s`    0         0        0               0      0           0         0    0        0             0       0     0     0         1         1       0      0      0        0          0    1         0     0       0         0      0              0            0           0       0    0     0          0         0            0    0        0       0             0          0       0            1         0       0    0     0         0      0     0      1         0     
sil   0         0        0               0      0           0         0    0        0             0       0     0     0         0         0       0      0      0        0          0    0         0     0       0         0      0              0            0           0       0    0     0          0         0            0    0        0       0             0          0       0            0         0       0    0     0         0      0     0      0         0     
t     0         1        0               0      0           0         0    0        0             0       0     0     0         1         1       0      0      0        0          0    0         0     0       0         0      0              0            0           0       0    0     0          0         0            0    0        0       0             0          1       0            0         0       0    0     0         0      0     0      1         0     
tS    1         0        0               0      0           0         0    0        0             0       0     0     0         1         1       0      0      0        0          0    0         0     0       0         0      0              0            0           0       0    0     0          0         0            0    0        0       0             0          0       1            0         0       0    0     0         0      0     0      1         0     
tS_j  1         0        0               0      0           0         0    0        0             0       0     0     0         1         1       0      0      0        0          0    0         0     0       0         0      0              0            0           0       0    0     0          0         0            0    0        1       0             0          0       1            0         0       0    0     0         0      0     0      1         0     
t_d   0         1        0               0      0           0         0    0        0             0       0     0     0         1         1       1      0      0        0          0    0         0     0       0         0      0              0            0           0       0    0     0          0         0            0    0        0       0             0          1       0            0         0       0    0     0         0      0     0      1         0     
t_j   0         1        0               0      0           0         0    0        0             0       0     0     0         1         1       0      0      0        0          0    0         0     0       0         0      0              0            0           0       0    0     0          0         0            0    0        1       0             0          1       0            0         0       0    0     0         0      0     0      1         0     
t`    0         0        0               0      0           0         0    0        0             0       0     0     0         1         1       0      0      0        0          0    0         0     0       0         0      0              0            0           0       0    0     0          0         0            0    0        0       0             0          1       0            1         0       0    0     0         0      0     0      1         0     
ts    1         1        0               0      0           0         0    0        0             0       0     0     0         1         1       0      0      0        0          0    0         0     0       0         0      0              0            0           0       0    0     0          0         0            0    0        0       0             0          0       0            0         0       0    0     0         0      0     0      1         0     
ts_j  1         1        0               0      0           0         0    0        0             0       0     0     0         1         1       0      0      0        0          0    0         0     0       0         0      0              0            0           0       0    0     0          0         0            0    0        1       0             0          0       0            0         0       0    0     0         0      0     0      1         0     
u     0         0        0               0      0           0         1    0        0             0       0     1     0         0         0       0      0      0        0          0    0         0     0       0         0      0              0            0           0       0    0     0          0         0            0    0        0       0             0          0       0            0         1       0    0     0         0      0     0      0         1     
u:    0         0        0               0      0           0         1    0        0             0       0     1     0         0         0       0      0      0        0          0    0         0     0       0         0      0              0            0           0       1    0     0          0         0            0    0        0       0             0          0       0            0         1       0    0     0         0      0     0      0         1     
u_~   0         0        0               0      0           0         1    0        0             0       0     1     0         0         0       0      0      0        0          0    0         0     0       0         0      0              0            0           0       0    1     0          0         0            0    0        0       0             0          0       0            0         1       0    0     0         0      0     0      0         1     
unk   1         1        1               1      1           1         1    1        1             1       1     1     1         1         1       1      1      1        1          1    1         1     1       1         1      1              1            1           1       1    1     1          1         1            1    1        1       1             1          1       1            1         1       1    1     1         1      1     1      1         1     
v     0         0        0               0      0           0         0    0        0             0       0     0     0         1         0       0      0      0        0          0    1         0     0       0         1      0              0            1           0       0    0     0          0         0            0    0        0       0             0          0       0            0         0       0    0     0         0      0     1      0         0     
v\    0         0        0               0      1           0         0    0        0             0       0     0     0         1         0       0      0      0        0          0    0         0     0       0         0      0              0            1           0       0    0     0          0         0            0    0        0       0             0          0       0            0         0       0    0     0         0      0     1      0         0     
v\_j  0         0        0               0      1           0         0    0        0             0       0     0     0         1         0       0      0      0        0          0    0         0     0       0         0      0              0            1           0       0    0     0          0         0            0    0        1       0             0          0       0            0         0       0    0     0         0      0     1      0         0     
v_~   0         0        0               0      0           0         0    0        0             0       0     0     0         1         0       0      0      0        0          0    1         0     0       0         1      0              0            1           0       0    1     0          0         0            0    0        0       0             0          0       0            0         0       0    0     0         0      0     1      0         0     
w     0         0        0               0      1           0         0    0        0             0       0     0     0         1         0       0      0      0        0          0    0         0     0       0         1      0              1            0           0       0    0     0          0         0            0    0        0       0             0          0       0            0         0       0    0     0         0      0     0      0         0     
w_~   0         0        0               0      1           0         0    0        0             0       0     0     0         1         0       0      0      0        0          0    0         0     0       0         1      0              1            0           0       0    1     0          0         0            0    0        0       0             0          0       0            0         0       0    0     0         0      0     0      0         0     
x     0         0        0               0      0           0         0    0        0             0       0     0     0         1         0       0      1      0        0          0    1         0     0       0         0      0              0            0           0       0    0     0          0         0            0    0        0       0             0          0       0            0         0       0    0     0         0      1     0      1         0     
x_j   0         0        0               0      0           0         0    0        0             0       0     0     0         1         0       0      1      0        0          0    1         0     0       0         0      0              0            0           0       0    0     0          0         0            0    0        1       0             0          0       0            0         0       0    0     0         0      1     0      1         0     
y     0         0        0               0      0           0         0    0        0             0       0     1     0         0         0       0      0      0        0          0    0         1     0       0         0      0              0            0           0       0    0     0          0         0            0    0        0       0             0          0       0            0         1       0    0     0         0      0     0      0         1     
y:    0         0        0               0      0           0         0    0        0             0       0     1     0         0         0       0      0      0        0          0    0         1     0       0         0      0              0            0           0       1    0     0          0         0            0    0        0       0             0          0       0            0         1       0    0     0         0      0     0      0         1     
z     0         1        0               0      0           0         0    0        0             0       0     0     0         1         1       0      0      0        0          0    1         0     0       0         0      0              0            0           0       0    0     0          0         0            0    0        0       0             0          0       0            0         0       0    0     0         0      0     1      0         0     
z_j   0         1        0               0      0           0         0    0        0             0       0     0     0         1         1       0      0      0        0          0    1         0     0       0         0      0              0            0           0       0    0     0          0         0            0    0        1       0             0          0       0            0         0       0    0     0         0      0     1      0         0     
z_~   0         1        0               0      0           0         0    0        0             0       0     0     0         1         1       0      0      0        0          0    1         0     0       0         0      0              0            0           0       0    1     0          0         0            0    0        0       0             0          0       0            0         0       0    0     0         0      0     1      0         0     
{     0         0        0               0      0           0         0    0        0             0       0     0     0         0         0       0      0      0        0          0    0         1     0       0         0      0              0            0           0       0    0     0          1         0            0    0        0       0             0          0       0            0         0       0    0     1         0      0     0      0         1     
{:    0         0        0               0      0           0         0    0        0             0       0     0     0         0         0       0      0      0        0          0    0         1     0       0         0      0              0            0           0       1    0     0          1         0            0    0        0       0             0          0       0            0         0       0    0     1         0      0     0      0         1     
}:    0         0        0               0      0           0         0    0        0             1       0     1     0         0         0       0      0      0        0          0    0         0     0       0         0      0              0            0           0       1    0     0          0         0            0    0        0       0             0          0       0            0         1       0    0     0         0      0     0      0         1     
