37 47
44 158
50 170
48 175
111 194
92 206
99 213
151 213
75 225
117 231
86 233
102 244
178 247
133 250
128 250
118 250
113 256
85 256
116 256
96 256
92 257
126 263
144 263
149 269
88 275
199 281
137 281
110 285
184 288
175 288
144 288
153 288
170 288
172 288
141 294
173 294
142 294
113 300
142 300
112 303
170 306
128 306
176 306
171 306
126 306
155 319
172 319
132 319
194 319
188 319
210 319
83 319
163 319
193 325
174 325
107 325
162 331
209 331
163 331
108 331
144 338
142 338
144 338
166 338
128 338
197 338
152 338
78 343
131 344
144 344
215 344
133 344
203 344
143 350
132 350
184 350
137 350
105 350
168 350
168 350
96 350
98 355
127 356
219 356
122 356
78 356
169 360
138 360
123 363
181 363
186 363
192 363
137 363
140 363
166 363
161 363
184 363
229 363
163 363
121 363
159 363
84 363
118 363
122 368
149 369
200 369
139 369
149 369
159 369
242 369
191 375
129 375
163 375
189 375
192 375
160 375
145 380
173 381
208 381
173 381
169 381
161 381
230 381
160 381
212 388
165 388
284 388
202 388
193 388
204 388
168 388
241 388
223 388
186 388
177 394
160 394
158 400
241 400
142 400
184 400
153 400
150 400
150 400
196 400
160 406
144 406
204 406
230 407
150 410
114 410
153 413
145 413
199 413
129 413
209 413
193 413
212 413
216 415
229 419
182 419
111 419
148 423
252 425
173 425
174 425
153 428
168 430
166 431
197 431
262 431
146 431
183 435
161 435
194 438
171 438
131 438
172 438
162 438
217 438
254 444
99 444
85 444
130 445
140 448
190 450
236 450
204 450
195 450
249 450
203 450
200 456
251 456
246 456
166 456
237 456
96 456
180 456
218 463
196 463
231 463
292 463
163 463
211 463
146 465
213 469
206 469
250 469
218 469
214 475
217 475
270 475
198 475
314 481
173 481
278 481
241 481
334 481
286 481
264 481
251 488
288 488
236 488
211 488
215 493
258 493
261 494
309 494
301 494
281 494
200 494
209 494
231 494
126 494
288 494
248 494
129 494
143 494
138 495
154 498
310 500
185 505
225 506
371 513
155 513
257 513
167 513
268 519
230 519
296 519
209 519
266 519
166 525
178 525
183 530
337 531
220 531
265 531
146 531
204 538
310 538
277 538
325 544
267 544
287 544
309 550
274 550
360 550
212 550
273 550
262 556
265 556
317 556
321 556
283 556
246 556
213 560
366 563
296 563
289 563
256 563
255 568
248 569
249 569
196 569
384 575
425 575
318 581
201 584
245 587
434 588
473 594
396 594
245 598
193 600
303 600
185 600
381 602
332 606
298 606
245 610
174 610
292 613
271 625
180 630
410 631
348 631
472 631
325 633
244 635
289 644
431 644
201 645
407 650
274 650
455 650
236 650
317 650
346 650
225 653
271 655
390 656
297 656
208 658
369 663
289 663
349 669
423 669
265 675
262 680
376 688
236 693
278 694
370 694
282 694
441 694
325 695
248 698
354 700
322 700
475 700
286 705
345 706
303 708
505 710
357 719
314 720
405 720
375 722
403 725
414 725
223 728
470 731
339 731
471 738
489 739
387 744
332 750
475 755
317 755
235 755
408 761
422 763
464 769
489 773
402 775
513 781
376 781
494 781
364 783
0 785
325 785
440 788
245 788
276 788
273 790
349 793
416 795
231 798
474 802
535 825
585 831
352 833
591 844
367 844
536 863
494 863
557 865
562 869
501 875
408 881
608 882
325 885
547 900
680 903
560 906
367 910
484 919
434 919
599 944
418 944
515 950
470 950
326 953
456 956
455 963
230 968
631 969
528 975
520 981
416 993
617 994
575 994
399 995
544 999
504 1000
613 1013
621 1013
590 1016
593 1044
723 1050
472 1055
574 1056
615 1063
621 1094
654 1100
438 1106
626 1119
609 1119
695 1124
748 1130
593 1131
551 1134
697 1138
691 1140
752 1144
476 1145
692 1156
742 1167
419 1168
603 1169
684 1188
545 1188
768 1200
774 1200
799 1213
726 1231
601 1238
857 1245
795 1245
536 1248
817 1269
460 1280
728 1288
902 1294
835 1300
404 1305
852 1344
598 1360
842 1375
538 1383
757 1385
876 1394
837 1394
572 1400
515 1413
844 1413
986 1463
821 1475
793 1488
890 1513
846 1519
1008 1520
938 1531
773 1542
1022 1544
825 1553
978 1562
902 1612
541 1625
572 1633
952 1650
1065 1681
594 1690
882 1706
793 1706
826 1723
1035 1738
990 1800
1008 1850
792 1873
937 1894
1348 1937
810 1963
957 2003
1147 2024
1382 2124
967 2138
1456 2150
1217 2220
1125 2291
947 2369
1411 2563
1242 2675
1848 2960
2402 3346
48 133
121 175
65 195
120 206
79 218
98 219
140 225
72 225
77 230
91 231
117 231
94 238
151 244
50 256
135 256
112 256
157 269
149 269
94 275
113 275
97 275
135 275
96 275
147 278
103 281
137 288
168 288
165 288
124 288
119 290
99 293
134 294
142 294
167 294
135 294
122 294
87 294
180 296
121 300
143 300
110 300
172 300
89 300
88 300
158 300
174 300
138 300
103 300
138 300
134 301
87 303
203 306
149 306
150 306
170 306
128 306
154 313
90 313
170 313
142 313
137 313
210 313
149 313
168 313
180 313
180 317
146 319
193 319
158 319
126 319
87 320
140 321
131 325
136 325
173 325
203 325
149 325
168 325
183 325
123 325
198 331
146 331
208 331
183 331
143 331
143 333
161 338
176 338
140 338
109 338
145 338
113 340
166 344
132 344
220 344
119 344
147 344
153 350
160 350
151 350
145 350
139 350
166 350
122 355
168 356
139 356
142 356
200 356
139 356
200 356
161 356
85 356
228 356
202 356
234 356
209 356
142 356
108 360
217 360
167 363
147 363
153 363
169 369
171 369
187 369
180 369
188 369
169 369
169 369
194 369
171 369
161 369
219 375
172 375
148 375
188 375
185 381
229 381
246 381
201 381
156 381
212 381
201 381
188 383
215 388
201 388
212 388
163 388
211 388
212 388
196 388
207 388
162 388
281 394
281 394
131 394
143 394
210 394
236 394
109 394
184 400
236 400
175 400
195 400
212 400
145 400
193 400
180 400
141 400
154 400
194 400
128 403
271 406
261 406
266 406
173 406
124 406
141 406
168 410
299 413
150 413
143 413
139 413
230 413
212 413
258 419
198 419
274 419
155 419
148 419
264 419
194 419
161 419
215 420
263 425
256 425
203 425
270 425
178 425
129 425
205 425
250 425
132 425
223 425
319 425
193 428
118 430
198 431
287 431
216 431
213 431
259 431
180 433
193 435
126 438
241 438
191 438
257 438
172 438
199 438
140 438
204 444
201 444
151 444
219 444
201 444
182 444
128 448
186 448
168 450
172 450
228 450
294 450
154 450
227 456
126 456
166 456
322 456
256 456
196 456
122 456
189 458
239 463
212 463
163 463
168 463
191 465
192 469
244 469
328 469
130 469
135 469
165 469
237 472
291 475
275 475
349 475
169 475
163 475
170 475
222 476
302 481
138 481
221 481
240 481
271 481
285 481
162 485
142 488
303 488
176 488
144 488
306 494
293 494
257 494
153 494
299 494
241 494
297 500
292 500
236 500
130 500
151 500
375 501
223 503
200 506
242 506
128 506
177 507
212 508
174 513
215 513
167 513
179 513
160 513
198 513
182 515
197 519
149 519
216 519
193 523
249 525
266 525
292 525
200 525
270 525
202 528
341 531
247 531
323 531
185 531
191 531
238 531
279 538
271 538
289 538
272 538
224 538
228 543
368 544
271 544
291 544
170 544
256 550
246 550
254 550
215 550
190 555
353 556
393 563
394 569
307 569
355 570
264 575
355 575
291 575
395 588
340 588
305 591
333 594
241 598
422 598
349 600
296 600
247 600
372 600
323 611
407 613
384 613
175 613
166 613
425 615
236 619
350 630
263 631
226 638
379 642
381 643
367 669
447 675
421 688
235 688
360 713
261 720
450 720
401 725
377 725
352 725
156 725
476 744
243 745
393 750
381 765
366 781
282 783
336 800
338 806
441 806
522 813
301 823
440 833
314 835
473 844
452 855
546 863
323 869
485 869
406 875
608 884
516 888
451 888
471 894
580 900
480 900
455 900
459 906
421 906
294 913
323 915
593 916
436 919
314 919
492 919
232 920
344 923
460 925
512 930
524 938
596 950
605 956
389 963
579 965
580 975
531 978
372 982
496 982
525 994
443 995
160 1005
660 1013
562 1019
362 1020
553 1025
595 1025
583 1032
682 1044
618 1044
642 1050
352 1053
353 1053
692 1056
547 1056
494 1073
655 1075
744 1088
490 1088
688 1100
655 1113
423 1113
776 1119
734 1119
741 1125
360 1130
407 1133
771 1138
753 1156
697 1169
647 1169
666 1175
582 1190
768 1204
733 1207
801 1225
689 1231
921 1235
795 1256
865 1275
840 1288
729 1293
674 1296
668 1300
583 1300
857 1300
835 1306
744 1315
648 1331
432 1340
875 1384
757 1388
706 1394
900 1398
641 1403
712 1413
857 1419
893 1449
963 1463
824 1463
646 1465
796 1500
876 1519
537 1520
477 1538
302 1556
798 1565
878 1575
1084 1610
1013 1617
1015 1638
946 1675
829 1688
811 1725
1035 1725
1073 1755
917 1769
879 1781
1111 1811
1049 1820
1427 1896
1024 2081
943 2094
1438 2217
1339 2269
1704 2408
2116 3778
42 133
87 163
55 181
57 188
96 194
59 198
47 200
125 204
156 206
51 208
124 219
144 225
50 225
159 231
107 231
116 238
64 240
148 244
107 244
77 245
108 246
87 255
87 256
153 263
117 268
85 269
128 269
119 269
103 273
133 275
169 275
150 275
79 275
119 275
160 281
120 281
144 281
156 281
169 281
155 281
94 281
81 281
123 288
158 288
136 288
146 288
171 288
144 288
154 288
155 293
158 294
105 294
95 294
162 294
177 294
110 294
72 294
123 295
176 300
164 300
114 303
109 303
167 306
196 306
176 306
88 306
165 306
169 306
163 306
173 306
136 306
119 306
68 306
93 310
182 312
157 313
85 313
135 319
177 319
155 319
99 320
138 325
116 325
189 325
122 325
173 325
135 325
125 331
114 331
143 331
168 331
139 331
117 335
161 338
175 338
164 338
115 338
178 338
122 338
158 344
229 344
159 344
134 344
149 344
163 350
197 350
206 350
149 350
178 350
138 350
177 350
117 350
135 353
167 356
196 356
139 356
191 356
175 356
217 363
166 363
174 363
177 363
168 363
140 363
69 363
207 363
194 363
159 363
135 363
197 364
147 368
207 369
146 369
144 369
149 369
163 369
70 370
156 375
204 375
175 375
198 375
152 375
194 375
212 375
133 375
131 378
193 381
183 381
178 381
155 381
149 381
141 381
147 381
192 381
196 385
170 388
166 388
172 388
223 388
164 388
181 388
258 388
130 388
236 388
201 388
195 388
169 388
175 394
160 394
266 394
213 394
214 394
142 394
130 400
206 400
204 400
144 405
209 406
207 406
210 406
289 406
216 406
186 406
147 410
115 413
219 413
199 413
172 414
178 419
136 419
159 419
116 419
186 425
111 425
292 426
202 431
212 431
187 431
212 431
205 431
188 431
215 431
121 431
165 431
79 431
161 431
248 438
180 438
231 438
181 438
180 438
166 438
180 438
103 438
251 444
133 444
202 444
117 444
184 445
119 448
192 450
217 450
246 450
156 450
217 450
173 450
295 456
180 456
211 456
293 456
195 456
177 456
150 456
215 460
234 463
129 463
192 463
116 463
198 463
194 463
200 463
256 469
237 469
212 469
144 469
224 469
190 470
280 475
247 481
286 481
263 481
162 481
335 488
191 488
186 490
268 494
189 494
146 494
214 494
261 494
94 494
262 498
343 500
237 500
249 500
181 500
250 500
269 500
157 500
273 500
282 500
149 500
187 506
233 506
250 506
261 506
203 513
240 519
255 519
293 525
341 525
244 525
229 525
288 531
269 531
412 531
362 531
184 535
181 538
320 538
317 544
307 544
211 548
255 550
252 550
307 552
226 555
306 556
397 556
334 556
267 556
246 556
354 563
232 563
178 570
319 575
171 575
186 583
402 585
143 588
372 588
343 594
342 594
291 600
252 600
334 600
288 600
244 600
236 606
295 606
277 606
342 606
317 606
112 606
381 607
349 610
371 613
319 613
449 617
218 618
362 619
374 619
260 619
349 625
231 625
178 625
320 628
221 633
214 633
408 638
378 638
268 638
370 644
440 644
219 648
325 650
309 650
286 650
356 650
265 650
287 656
361 656
188 663
434 675
311 675
356 680
397 685
358 688
301 688
389 688
387 694
397 694
201 695
484 713
435 713
439 719
304 719
315 725
473 731
261 733
226 738
431 744
380 744
514 750
366 750
238 755
473 756
265 756
565 763
494 763
388 775
460 777
526 781
440 787
583 799
452 806
360 806
395 813
313 825
341 836
450 838
407 840
506 840
429 844
544 856
478 856
369 856
524 863
263 865
477 875
333 891
350 898
566 900
621 915
644 918
493 919
475 931
546 936
599 955
592 955
624 963
355 975
386 980
605 981
659 1000
497 1003
523 1006
488 1010
641 1015
583 1025
369 1028
668 1031
646 1031
650 1031
348 1034
719 1063
462 1081
765 1088
706 1113
624 1127
600 1130
418 1140
475 1148
627 1150
697 1156
728 1163
621 1179
791 1181
505 1188
768 1194
757 1200
692 1206
722 1213
755 1224
368 1230
455 1230
843 1241
610 1244
676 1245
830 1256
654 1263
831 1275
776 1275
476 1280
483 1303
720 1306
283 1306
530 1338
458 1375
743 1378
940 1381
850 1381
911 1400
498 1408
530 1413
929 1450
693 1450
907 1482
865 1496
1057 1506
947 1550
798 1569
870 1569
1026 1569
1018 1575
775 1606
955 1620
907 1646
632 1670
858 1719
1008 1728
1127 1738
597 1745
995 1800
1050 1825
1270 1829
990 1845
1282 1856
1128 1888
1171 1900
1176 1945
1114 1955
1293 2046
1231 2086
1037 2130
1446 2146
1545 2193
1059 2200
1465 2210
0 2211
1464 2251
1442 2344
1262 2825
1858 3030
33 132
35 145
95 181
61 185
49 188
62 195
70 195
62 205
66 205
111 211
80 217
86 219
124 219
111 221
102 225
121 225
119 231
108 231
111 231
147 238
121 241
146 242
102 244
71 250
99 250
101 256
68 263
174 263
85 263
25 269
83 269
91 269
124 269
89 273
123 275
164 275
160 275
102 278
125 281
183 281
189 281
107 281
205 288
170 288
106 288
106 294
165 294
140 294
157 300
125 300
108 300
144 300
124 300
172 300
78 300
179 302
158 306
122 306
149 306
113 306
106 306
145 313
190 313
160 319
141 319
160 319
158 319
152 319
120 319
105 320
132 320
100 320
91 323
173 325
96 325
193 325
108 325
132 325
205 325
157 331
156 331
174 331
83 331
147 331
174 338
153 338
164 338
163 338
171 338
122 338
154 338
165 338
189 338
93 338
122 338
213 344
258 344
137 344
193 344
196 344
153 344
95 344
165 350
150 350
201 350
227 350
93 350
166 350
155 350
140 356
167 356
132 356
244 363
229 363
207 363
228 363
144 363
162 363
130 369
177 369
204 369
130 369
187 369
161 369
172 369
215 369
202 369
188 369
194 369
247 371
188 375
203 375
194 375
139 375
203 375
107 378
202 381
133 381
200 381
161 381
122 381
137 381
110 381
115 381
142 383
224 388
182 388
176 388
160 388
194 388
188 388
172 388
129 388
157 390
154 390
245 392
220 394
213 394
177 394
312 398
217 400
198 400
88 400
136 400
149 400
115 400
220 406
189 406
136 406
207 406
128 406
182 406
212 406
151 406
244 407
206 413
156 413
189 413
177 415
154 419
237 419
148 419
233 419
224 425
236 425
224 425
199 425
211 425
195 431
243 431
233 431
193 431
158 433
208 438
195 438
283 438
120 438
150 438
169 438
233 438
213 438
236 438
149 444
186 444
318 444
238 444
230 444
238 444
279 450
168 450
190 450
221 450
339 450
167 450
282 450
296 456
271 456
276 456
169 456
97 456
182 460
181 463
238 463
213 463
169 463
251 463
87 463
136 463
141 463
159 465
189 468
276 469
146 469
216 469
237 469
221 469
204 469
315 475
278 475
229 475
236 478
172 478
240 481
238 481
173 488
239 494
241 494
243 494
271 494
219 494
266 494
262 500
356 500
193 500
179 506
204 506
242 506
184 506
139 506
301 513
125 513
393 519
181 519
173 519
315 525
256 525
244 525
298 525
204 525
245 525
191 525
224 528
297 531
260 531
335 531
348 538
323 538
253 538
231 538
197 538
270 538
212 538
254 538
272 544
218 544
210 545
280 548
267 550
298 550
331 550
255 550
227 556
228 556
235 556
258 563
244 564
395 569
185 569
192 573
216 575
314 575
344 575
372 575
365 581
401 581
357 582
234 585
289 585
264 588
311 594
265 594
223 598
346 599
349 600
306 600
234 605
288 606
286 606
214 606
376 613
412 619
304 625
271 625
369 625
360 631
386 631
357 631
390 638
391 638
364 644
325 650
464 650
267 650
214 668
382 669
362 669
354 675
265 678
421 678
406 681
284 681
411 681
454 688
372 688
336 688
237 690
508 693
216 694
307 697
313 698
462 700
339 700
360 700
472 704
231 708
298 713
319 719
471 725
290 725
256 725
237 725
319 731
363 731
342 731
496 738
373 738
341 743
376 744
296 750
426 750
286 758
417 763
421 763
513 765
497 769
507 771
291 773
452 788
295 795
516 795
455 796
304 825
441 830
442 830
511 831
558 831
364 838
330 850
343 850
614 855
448 858
354 860
552 860
459 863
428 869
549 875
641 875
571 881
324 881
562 883
520 884
392 885
622 888
569 888
474 888
499 888
414 900
383 915
448 919
650 925
468 925
314 925
425 930
471 931
519 931
553 943
470 944
470 956
487 963
551 963
450 969
590 975
417 975
365 981
502 981
546 986
690 1000
639 1000
354 1005
528 1006
581 1013
345 1018
399 1023
624 1025
544 1025
755 1027
648 1027
662 1038
603 1038
525 1042
421 1044
522 1050
377 1060
696 1063
613 1063
695 1073
727 1083
575 1086
668 1092
694 1100
516 1105
715 1144
664 1144
449 1146
687 1150
626 1150
667 1156
701 1165
730 1168
681 1177
356 1178
764 1181
660 1185
522 1200
538 1205
699 1206
680 1206
739 1208
636 1213
827 1231
767 1238
458 1250
756 1256
680 1265
760 1272
781 1281
450 1285
833 1294
454 1313
695 1315
803 1317
807 1325
928 1338
890 1394
1011 1398
475 1405
910 1423
750 1500
849 1522
665 1652
1116 1686
1104 1744
529 1780
920 1794
1265 1938
1107 2041
1277 2042
1420 2051
1258 2059
899 2194
1308 2224
0 2446
1789 2512
1768 2998
1675 3259
74 112
41 175
73 180
82 193
99 213
121 225
64 228
158 229
106 230
55 231
131 233
43 235
70 235
98 238
46 238
165 238
131 238
52 240
76 250
52 250
142 256
151 258
117 263
59 265
115 269
140 269
143 269
130 275
103 281
152 281
134 281
98 281
99 285
140 288
160 288
131 288
138 288
112 288
148 294
175 294
151 294
120 300
80 300
170 300
42 300
112 300
73 306
174 306
141 306
140 306
177 313
109 315
176 319
164 319
97 320
94 325
117 325
100 328
154 331
157 331
170 331
156 331
150 331
119 335
156 335
139 338
138 338
136 338
170 338
90 338
140 338
196 338
170 338
183 338
105 340
142 344
179 344
137 344
192 344
83 344
168 344
136 345
139 345
127 345
160 350
158 350
145 350
173 350
191 350
176 350
151 350
191 350
183 350
174 350
116 350
127 355
211 356
248 356
170 356
179 356
85 356
154 358
265 363
221 363
179 363
159 363
194 363
106 368
146 368
178 369
180 369
243 369
180 369
167 369
149 369
197 369
190 369
109 369
174 369
247 369
183 369
236 369
222 369
157 373
174 374
209 375
181 375
220 375
151 381
173 381
143 381
241 381
237 381
196 381
166 388
141 388
197 388
137 388
101 388
137 388
180 388
214 388
149 388
196 388
257 390
138 390
110 390
155 393
133 394
193 394
168 394
154 394
136 394
184 400
173 400
235 400
206 400
163 400
157 400
242 403
136 405
64 406
215 406
169 406
187 406
183 406
161 406
208 406
258 413
162 413
177 413
228 413
193 413
208 413
163 413
164 415
133 419
191 419
226 419
222 419
175 419
215 419
205 419
193 425
229 425
164 425
243 425
161 425
241 431
241 431
147 431
111 433
268 438
187 438
255 438
208 438
238 438
253 438
143 438
196 440
211 443
275 443
217 444
291 444
220 444
190 445
146 445
171 450
279 450
229 450
256 450
221 450
200 450
229 450
187 456
227 456
228 456
213 456
236 456
277 463
120 463
264 463
242 463
182 465
249 469
164 469
110 469
209 475
163 480
206 481
212 481
156 488
223 488
266 488
171 488
132 488
171 488
173 488
194 488
177 493
258 494
169 495
206 500
281 500
222 500
143 500
211 503
168 506
365 506
240 506
211 506
137 508
302 513
274 513
240 513
248 513
261 519
184 519
353 525
171 525
198 525
198 525
128 525
183 525
329 531
208 531
248 531
246 531
204 531
251 531
267 538
214 538
308 538
366 538
332 538
164 538
402 550
207 550
349 556
154 560
206 563
279 563
340 569
206 569
296 569
253 573
288 575
409 575
322 580
422 581
300 581
262 585
226 587
416 588
249 588
404 588
233 594
147 594
213 598
251 600
308 600
345 606
257 610
315 613
406 618
369 619
339 619
348 619
221 619
484 625
283 625
291 631
291 631
205 635
327 638
413 638
303 642
331 643
216 643
357 644
300 650
409 650
264 650
214 650
242 655
285 656
463 663
390 663
377 663
258 663
200 669
344 675
298 675
283 678
226 683
428 690
321 690
218 690
443 694
432 694
313 699
422 706
326 706
391 710
339 713
423 719
348 719
376 719
240 723
253 731
261 735
513 738
285 738
287 738
358 750
520 756
397 758
422 760
258 763
92 763
300 768
463 769
252 769
328 769
446 775
439 781
564 788
521 788
562 812
501 813
351 813
293 815
481 825
308 825
326 830
470 831
495 838
276 840
451 840
234 845
531 850
458 850
435 856
459 856
473 857
467 863
453 869
565 869
533 869
573 878
464 881
440 888
410 888
591 894
399 895
414 900
406 900
221 903
317 905
375 905
581 906
363 906
464 915
629 919
635 919
445 925
497 925
310 925
508 927
523 944
433 950
540 956
584 959
541 969
374 970
609 981
495 981
558 1000
523 1000
378 1000
640 1002
634 1006
531 1013
328 1020
688 1025
365 1025
743 1039
379 1040
568 1043
676 1044
441 1060
463 1063
633 1066
667 1081
332 1090
559 1094
590 1097
460 1100
742 1112
380 1119
478 1119
777 1123
744 1141
751 1144
708 1144
702 1144
683 1150
699 1150
765 1175
889 1181
596 1194
785 1200
824 1216
875 1225
463 1230
771 1231
732 1231
393 1231
704 1244
807 1263
741 1265
756 1290
737 1291
850 1300
595 1303
732 1313
784 1315
745 1319
893 1319
955 1356
651 1369
848 1380
768 1381
473 1395
913 1433
754 1434
724 1444
427 1454
774 1460
857 1508
673 1550
1013 1595
847 1623
1071 1692
1064 1694
872 1719
964 1738
1032 1750
838 1775
1175 1784
1099 1787
933 1825
1144 1825
1027 1848
1230 1856
1259 1862
1141 1965
1209 2035
1106 2106
1483 2195
759 2238
1424 2535
1500 2565
28 82
8 138
85 168
40 170
104 198
132 200
108 204
90 206
137 225
97 228
73 229
49 231
78 231
82 231
51 235
112 244
123 244
171 244
61 248
134 250
147 250
106 250
153 255
119 256
130 256
172 263
137 263
125 263
138 263
108 263
95 265
102 265
87 268
82 269
159 269
136 269
107 270
154 281
125 281
125 281
179 282
81 285
154 288
104 288
73 288
168 288
170 288
145 288
86 289
107 290
183 294
99 294
198 298
184 300
135 300
122 300
165 306
174 306
176 306
199 306
192 306
55 306
221 309
170 313
126 313
141 313
92 313
98 315
126 319
146 319
117 319
148 319
169 319
113 319
87 320
98 320
105 325
135 325
174 325
112 325
160 325
187 325
119 325
115 325
116 325
151 325
193 331
119 331
177 331
171 331
255 331
178 331
187 338
153 338
169 338
164 338
173 338
167 338
134 338
134 340
155 344
153 344
162 344
141 344
103 344
74 344
114 345
137 348
147 350
119 350
201 350
216 350
153 350
158 353
93 353
177 356
185 356
187 356
171 356
132 356
225 356
178 356
117 363
157 363
184 363
110 363
141 369
172 369
148 369
130 369
122 369
139 369
199 369
133 369
218 369
213 375
159 375
144 375
214 375
122 378
239 381
255 381
232 381
254 381
204 381
215 381
181 381
154 388
177 388
212 388
161 388
125 388
189 388
221 388
156 394
185 394
196 394
157 400
183 400
175 406
187 406
189 406
254 406
150 406
170 406
155 408
188 409
215 413
158 413
184 413
164 413
175 413
182 413
258 419
164 419
158 419
267 419
172 419
122 420
159 420
291 422
226 425
303 425
111 425
179 431
244 431
184 431
181 431
206 431
225 431
227 431
213 432
220 438
273 438
176 438
254 438
279 438
224 438
162 444
227 444
182 444
200 444
236 444
200 444
294 444
152 444
110 444
209 445
187 450
183 450
208 450
194 450
250 450
146 450
274 450
205 453
189 456
273 456
196 456
234 456
256 460
188 460
283 460
187 463
192 463
305 465
205 469
194 475
169 475
191 475
235 475
226 475
162 475
225 481
244 481
209 481
291 481
178 487
182 488
280 488
182 488
219 488
169 488
129 490
311 493
256 494
185 494
286 494
347 494
237 500
305 500
159 500
191 500
287 506
245 506
246 506
252 506
366 506
323 506
214 506
179 506
251 513
376 513
170 513
325 519
244 519
331 519
287 519
255 519
207 525
224 525
262 531
242 531
273 531
114 531
210 533
231 538
230 538
305 550
257 550
231 550
257 556
239 556
216 556
169 556
303 563
163 568
435 569
341 569
263 575
207 578
257 581
206 585
302 585
276 588
264 588
346 588
433 588
412 588
220 593
230 593
224 594
245 594
282 594
279 594
381 600
228 605
358 606
310 606
222 613
200 615
269 618
219 619
332 619
291 619
323 619
251 619
204 620
321 625
228 628
384 631
341 638
412 644
421 644
426 644
410 650
425 650
473 650
443 651
255 655
354 656
335 656
246 656
430 656
295 656
148 663
291 665
362 669
215 675
443 675
199 675
432 681
438 684
371 688
372 688
357 688
398 694
282 694
353 700
392 710
486 713
316 718
441 719
335 719
382 719
441 731
397 738
490 743
501 744
290 745
298 745
503 750
532 750
316 750
505 756
270 763
388 769
231 773
292 773
485 775
428 775
303 780
456 781
457 781
352 786
389 794
440 798
530 800
514 806
373 806
458 806
320 806
408 813
481 813
561 819
404 825
304 828
555 831
376 833
473 838
315 843
325 843
383 850
473 860
574 862
474 863
549 863
317 863
315 868
234 873
553 875
311 878
511 894
613 901
584 906
386 906
357 906
403 923
357 930
376 930
533 944
487 950
397 963
379 973
447 975
662 976
526 992
578 994
686 1006
698 1013
508 1013
654 1014
563 1025
482 1025
689 1031
317 1035
690 1038
589 1038
517 1056
722 1068
653 1069
677 1075
385 1088
379 1090
430 1095
594 1100
708 1105
709 1113
645 1119
827 1120
597 1136
779 1150
679 1150
528 1150
352 1153
442 1165
734 1170
732 1174
449 1180
638 1181
468 1183
814 1186
407 1190
627 1194
735 1194
413 1209
715 1219
683 1238
477 1244
475 1253
828 1256
520 1263
612 1281
612 1281
949 1285
524 1290
662 1300
517 1300
686 1319
770 1347
809 1355
416 1370
872 1382
829 1384
861 1388
937 1394
842 1394
817 1406
761 1420
926 1425
992 1444
807 1500
1000 1505
959 1534
703 1534
952 1591
905 1603
1077 1604
555 1610
808 1631
1006 1656
843 1675
1140 1740
1043 1781
1230 1872
1126 1881
990 1944
1184 1975
1333 1986
1183 2175
1015 2297
1378 2306
1457 2381
1202 2406
2689 4388
52 138
94 140
37 155
63 165
34 168
38 180
67 180
106 180
56 185
80 185
108 188
28 190
65 193
71 194
100 215
61 219
119 231
90 231
143 238
74 244
127 244
106 244
120 250
113 250
139 256
117 263
169 263
120 269
130 269
144 269
145 275
133 275
151 275
109 275
99 281
130 281
85 281
87 283
103 285
174 288
146 288
136 288
133 288
115 288
145 288
103 288
165 294
140 294
172 294
143 294
126 294
132 300
134 300
126 300
108 300
170 300
96 305
117 305
94 306
128 306
139 306
109 306
163 306
133 306
71 306
142 307
150 313
147 313
141 313
100 313
157 313
71 313
155 319
123 319
164 319
137 319
100 319
98 320
169 325
130 325
133 325
183 325
157 325
175 325
137 325
208 325
174 325
118 328
127 330
144 331
150 331
200 331
60 331
205 338
126 338
178 338
164 338
87 338
135 338
278 342
202 344
104 344
180 344
111 344
119 344
98 345
173 350
124 350
156 350
147 350
143 350
207 350
172 350
160 350
174 350
146 353
105 355
120 355
200 356
143 356
170 356
145 356
170 356
87 356
218 363
126 363
101 363
155 363
145 363
182 363
115 363
139 363
125 363
180 363
212 363
164 369
240 369
155 369
143 369
189 369
168 369
197 369
206 369
182 369
137 369
135 373
137 375
171 375
103 375
141 375
118 375
206 381
131 381
149 381
123 381
235 383
200 385
196 388
265 388
169 388
193 388
172 388
117 388
128 388
218 388
195 388
234 388
123 388
163 388
201 388
136 388
153 388
199 394
261 394
176 394
201 394
231 394
132 394
90 394
234 399
147 400
199 400
173 400
153 400
152 400
179 403
212 406
196 406
145 406
153 406
153 413
218 413
225 413
260 413
206 413
193 419
214 419
152 419
212 419
178 425
205 425
227 425
219 425
159 425
232 425
192 425
132 431
243 431
177 431
177 431
266 438
242 438
183 438
260 438
226 438
196 438
160 438
136 443
240 443
268 444
209 444
216 444
145 448
282 450
170 450
178 450
221 450
143 450
180 450
172 450
221 456
240 456
267 463
281 463
196 463
240 469
206 469
250 469
203 469
302 469
178 469
173 470
267 475
280 475
307 475
215 475
144 475
169 475
257 475
212 475
181 480
161 480
116 480
296 481
202 481
189 481
186 481
226 481
227 481
184 481
227 481
160 486
207 488
226 488
322 488
290 488
209 488
249 494
227 494
234 494
173 494
270 494
272 494
313 499
297 506
223 506
259 506
173 508
336 511
295 513
280 513
344 513
209 513
349 513
173 513
198 515
283 519
212 519
402 519
193 520
167 520
155 523
347 525
290 531
197 531
324 538
276 538
192 538
206 543
332 553
244 555
159 556
298 556
151 560
337 563
365 563
335 563
289 563
398 563
338 567
261 569
254 569
191 573
150 575
266 575
232 575
219 583
220 583
259 588
210 588
434 590
369 590
377 594
324 595
318 600
232 600
187 600
170 603
309 606
294 606
226 608
275 613
319 613
192 613
355 613
284 613
424 619
178 619
305 625
306 625
246 631
320 631
402 638
467 638
433 644
287 645
349 650
288 650
354 650
325 656
391 663
312 663
466 663
382 669
427 669
445 675
436 681
476 681
365 681
347 681
296 694
288 695
497 700
413 706
328 706
410 713
451 713
210 719
349 719
522 719
400 719
556 725
244 730
292 738
282 738
365 744
448 769
331 769
383 770
218 773
562 791
318 793
402 806
398 813
443 813
364 816
473 816
273 823
475 825
453 831
381 838
537 850
497 856
417 856
293 858
568 863
566 863
427 863
346 869
436 870
544 881
521 894
421 894
489 900
501 919
316 928
475 931
605 933
651 938
523 938
494 938
591 941
606 950
588 950
308 950
647 953
360 955
675 963
694 963
476 963
558 965
403 967
672 970
444 970
722 978
584 981
476 981
581 988
707 994
550 1013
361 1013
469 1019
461 1028
646 1031
577 1038
492 1038
717 1056
613 1056
655 1069
747 1075
357 1078
639 1080
413 1088
486 1090
529 1113
491 1118
402 1130
663 1131
485 1144
470 1150
485 1156
690 1169
411 1175
570 1181
635 1187
706 1188
806 1194
768 1200
700 1200
687 1225
826 1231
649 1231
761 1234
665 1256
337 1260
871 1268
433 1275
853 1289
689 1292
682 1294
582 1303
729 1313
595 1390
1032 1391
994 1425
865 1425
933 1438
876 1444
540 1465
610 1485
804 1488
573 1498
846 1508
933 1513
797 1544
961 1550
988 1569
793 1569
1041 1638
597 1653
717 1668
912 1710
1118 1719
1077 1756
1099 1804
1174 1822
1017 1856
1218 1875
1202 1898
876 1906
1269 1962
974 1981
1086 2113
1215 2319
1841 3244
73 133
19 138
80 144
82 150
54 165
94 192
99 198
96 200
66 203
72 206
122 213
138 225
115 225
85 228
48 233
72 243
96 244
83 246
72 250
124 250
105 253
84 263
155 263
186 275
148 279
80 280
153 281
137 281
141 281
88 281
204 282
119 283
84 285
90 285
123 288
133 288
145 288
167 288
147 288
114 288
105 290
149 294
143 294
148 300
151 300
96 300
117 303
124 306
163 306
98 306
173 306
148 306
80 308
116 310
208 312
139 313
77 313
180 313
133 313
225 313
141 313
70 313
97 313
105 318
139 319
92 319
196 319
178 319
99 319
169 325
214 325
215 325
193 331
224 331
173 338
165 338
109 338
102 338
146 338
157 338
152 338
164 338
176 344
210 344
152 344
190 344
124 344
200 344
138 344
198 344
128 350
154 350
166 350
125 350
145 350
187 350
176 350
155 350
148 350
128 355
178 356
231 356
147 356
149 356
174 356
159 356
170 356
152 356
202 356
176 356
134 356
80 356
113 360
183 363
126 363
243 363
197 363
195 363
176 363
118 363
173 369
252 369
152 369
135 369
219 369
178 369
209 369
133 369
185 369
114 373
179 375
216 375
275 375
162 378
169 381
161 381
107 381
223 381
115 381
144 381
98 383
162 388
202 388
166 388
209 388
212 388
158 390
190 392
136 393
231 394
218 394
265 394
170 394
223 394
172 394
180 394
238 400
251 400
232 400
229 400
198 400
149 400
115 400
283 406
251 406
111 406
158 406
254 410
269 410
167 413
202 413
207 413
210 413
155 413
183 413
170 413
210 413
178 413
179 413
261 413
160 413
162 419
210 419
150 419
251 425
268 425
140 425
135 425
258 425
123 425
160 425
175 428
156 430
214 431
261 431
226 431
276 431
233 431
207 431
144 433
209 435
236 435
232 438
200 438
204 438
192 438
197 438
191 438
192 438
187 440
148 443
141 444
145 444
233 444
284 444
180 444
294 450
247 450
257 450
204 450
212 450
288 450
197 455
316 455
243 456
193 456
231 463
173 463
213 463
232 469
245 469
171 469
165 469
169 469
144 469
151 473
237 475
261 475
185 475
225 475
235 475
210 475
296 475
234 481
157 481
259 481
241 481
279 488
221 488
218 488
263 488
191 488
179 488
141 494
237 494
202 494
198 494
200 494
231 494
283 494
170 494
257 500
270 500
251 500
176 500
203 500
143 500
252 506
187 508
196 508
258 513
165 513
273 513
233 513
352 519
214 523
344 525
304 525
254 525
272 525
219 525
332 525
331 525
210 530
260 531
230 531
226 531
190 538
290 538
387 538
238 538
290 538
240 544
234 550
210 555
361 556
335 556
243 556
93 556
377 575
162 578
225 580
202 580
347 581
233 585
364 588
171 588
308 597
373 600
300 600
168 603
200 605
303 605
283 606
328 606
223 608
372 610
361 613
245 613
363 613
360 615
327 617
435 618
341 619
361 619
197 619
210 623
194 623
367 625
260 625
297 625
308 625
215 630
439 631
246 635
250 638
198 638
294 640
243 640
292 643
338 644
335 650
276 650
360 654
273 656
268 656
269 660
250 660
269 663
440 666
502 675
289 675
239 675
248 675
359 681
315 688
257 688
320 693
249 698
368 700
355 700
467 706
353 706
226 718
455 719
378 719
389 725
539 725
354 726
232 728
0 733
405 738
254 748
539 750
399 756
266 758
485 763
303 765
241 768
219 768
557 769
446 775
366 781
475 781
537 788
340 788
508 794
186 800
476 813
383 813
456 825
357 831
448 850
506 856
600 856
482 856
561 861
440 861
543 863
526 863
208 863
469 877
471 881
416 888
298 888
461 894
411 894
381 895
398 900
558 900
386 905
429 905
245 910
606 919
534 925
465 931
558 931
553 938
150 938
621 944
616 944
305 945
449 952
665 955
580 969
503 969
557 974
651 975
387 980
372 980
429 981
412 983
584 988
393 1038
701 1050
474 1056
577 1064
450 1065
559 1069
555 1094
583 1103
592 1106
668 1112
573 1143
728 1150
757 1156
694 1169
580 1175
886 1181
635 1181
650 1181
684 1185
737 1213
628 1213
813 1221
855 1238
731 1250
709 1252
753 1263
696 1274
915 1283
668 1300
922 1344
870 1344
525 1360
440 1365
785 1367
726 1375
843 1376
912 1413
569 1413
709 1444
507 1473
994 1475
702 1475
887 1499
802 1500
563 1503
1043 1506
970 1516
809 1556
873 1560
903 1572
891 1594
786 1606
897 1619
1037 1643
838 1669
942 1675
468 1769
958 1788
1178 1831
1127 1904
1091 1925
1030 2013
1115 2110
1455 2185
1080 2185
1336 2237
1379 2239
995 2419
955 2625
1804 2808
1792 3800
2693 3902
62 168
112 181
21 183
97 188
100 206
126 213
81 213
123 213
116 231
70 231
101 235
70 238
130 244
146 244
141 244
127 244
71 248
110 250
87 255
63 258
143 263
136 269
103 269
125 273
171 275
175 275
94 275
77 278
138 281
94 281
181 281
139 281
139 281
136 288
125 288
109 288
176 288
98 288
108 295
99 300
128 300
89 300
134 300
100 300
117 303
93 306
144 306
171 306
96 306
134 308
194 312
160 313
172 313
213 313
197 319
143 319
90 319
168 325
150 325
118 325
178 325
110 325
114 325
104 325
171 325
158 325
156 325
172 325
162 325
148 325
97 330
145 331
137 331
225 331
193 338
160 338
111 338
113 338
183 344
186 344
157 344
177 344
196 350
222 350
131 350
138 350
116 350
207 350
189 350
141 353
120 355
166 356
140 356
160 356
175 356
201 356
99 356
161 360
176 361
204 363
184 363
199 363
203 363
143 363
222 363
139 363
158 363
139 363
280 369
235 369
164 369
154 369
217 375
145 375
225 375
180 375
208 381
222 381
220 381
196 381
128 383
156 383
193 385
188 388
229 388
211 388
165 388
152 388
169 388
146 388
157 388
132 393
246 394
226 394
151 394
172 394
168 394
194 394
261 394
133 394
229 394
293 400
261 400
150 400
259 400
190 400
222 400
188 400
184 400
192 400
162 400
200 400
134 400
81 400
223 406
140 406
156 406
259 406
201 406
167 406
170 406
216 406
185 406
162 408
213 413
191 413
161 413
163 413
235 413
195 413
200 413
268 413
162 413
211 419
296 419
187 419
221 419
107 419
171 419
150 419
249 420
213 422
191 425
187 425
138 425
165 425
204 425
241 425
156 425
257 425
143 425
167 425
144 431
238 431
181 431
207 431
142 431
185 431
190 431
135 431
220 438
231 438
205 438
122 438
201 438
107 438
168 438
163 440
234 444
212 444
245 444
190 444
203 444
153 444
148 450
209 450
199 450
236 450
139 450
261 450
202 450
172 453
198 456
249 456
241 456
211 456
212 463
163 463
226 465
289 469
254 469
225 469
186 475
257 475
302 475
103 475
240 477
260 478
275 481
217 481
160 481
224 481
217 481
178 488
245 488
186 488
169 490
225 494
258 494
258 500
273 500
235 500
203 505
337 506
301 506
307 506
210 506
356 506
188 511
328 513
190 513
208 513
331 519
252 519
201 519
224 519
282 519
221 519
301 525
278 525
336 525
344 527
184 528
254 531
251 531
327 531
204 531
228 531
218 538
306 538
254 538
314 538
260 544
236 544
253 544
304 544
371 544
349 544
223 545
282 550
233 550
162 553
186 555
232 563
289 563
328 563
305 563
279 566
336 569
345 575
288 575
277 575
315 581
378 583
126 588
261 588
183 588
259 594
331 594
197 594
178 595
337 600
327 600
252 600
261 603
207 605
341 608
321 613
214 613
293 619
280 619
289 619
375 619
209 620
249 620
238 620
312 620
348 625
408 631
384 631
328 644
251 644
330 650
221 650
268 650
421 656
344 660
408 663
346 663
381 663
291 663
310 668
401 669
195 669
458 675
413 681
447 688
372 688
379 688
309 694
321 694
433 702
470 704
443 706
358 713
207 713
505 715
452 719
231 725
457 738
527 738
549 748
492 753
396 756
530 760
415 763
380 763
462 765
456 769
466 775
470 775
361 781
335 785
320 788
438 794
258 795
243 800
251 805
463 825
344 828
309 828
494 831
367 850
310 860
587 867
316 868
458 869
488 875
267 875
270 880
502 888
542 894
616 900
469 900
556 900
512 903
565 906
405 906
584 911
633 917
531 925
481 925
250 925
279 930
416 931
229 945
569 950
417 950
589 956
676 959
586 961
405 963
571 975
367 978
325 980
305 980
545 981
564 986
454 989
471 1000
575 1006
485 1019
624 1019
292 1020
718 1025
586 1056
672 1071
703 1091
692 1097
642 1100
646 1113
625 1113
721 1113
815 1117
743 1119
609 1120
631 1140
594 1150
422 1150
491 1156
826 1169
788 1181
699 1218
799 1219
787 1223
842 1235
761 1238
630 1238
832 1250
652 1250
871 1260
400 1278
444 1300
871 1319
892 1321
861 1333
738 1356
832 1360
665 1369
503 1373
802 1380
1011 1400
784 1413
869 1413
701 1419
741 1419
732 1444
708 1444
612 1444
996 1452
712 1469
833 1475
824 1481
976 1488
837 1488
934 1497
647 1500
809 1515
944 1518
1041 1525
495 1555
1086 1575
855 1580
1095 1581
801 1588
938 1588
549 1595
1000 1647
931 1680
563 1690
1173 1700
1252 1795
612 1809
823 1850
809 1863
868 1894
972 1906
961 1925
1067 1959
960 2057
1107 2061
1195 2112
1022 2219
1555 2449
655 2688
715 4738
48 111
53 125
34 156
42 178
73 185
93 188
113 202
95 215
93 223
105 231
69 231
103 235
106 248
76 250
111 250
154 256
116 256
116 260
97 263
84 263
64 263
86 269
133 269
135 269
125 275
95 281
139 281
124 281
156 288
128 288
136 288
160 294
147 294
88 294
139 294
225 300
104 300
86 300
170 300
148 300
152 300
109 300
142 300
159 306
105 306
140 306
143 306
135 306
169 306
153 306
161 306
138 306
71 308
194 310
141 313
149 313
107 313
153 313
117 313
109 318
150 319
118 319
132 319
142 319
143 319
65 320
143 325
110 325
166 325
156 325
152 325
197 325
196 325
150 325
181 331
159 331
160 331
141 331
204 331
124 331
138 331
151 335
163 338
182 338
220 338
123 338
133 338
99 338
177 340
154 344
114 344
175 344
128 344
108 344
247 350
112 350
119 353
174 356
207 356
182 356
135 356
136 356
177 356
251 356
97 358
219 363
188 363
146 363
155 363
141 363
163 363
139 363
193 363
150 363
192 363
188 363
136 363
220 363
220 369
139 369
159 369
187 369
167 369
193 369
237 369
196 369
105 369
241 374
240 375
140 375
208 375
178 375
175 375
178 375
174 375
138 380
174 380
187 381
148 388
194 388
124 388
201 394
239 394
185 394
151 394
225 394
152 394
155 400
259 400
228 400
204 400
119 400
167 400
117 400
164 400
147 405
221 406
187 406
206 406
160 406
226 406
99 406
147 406
114 410
217 413
200 413
201 413
168 413
113 413
107 413
167 415
264 419
251 419
170 419
158 420
233 425
190 425
143 425
127 425
232 425
177 431
206 431
230 431
215 431
143 431
213 431
172 431
224 431
164 435
210 438
209 438
191 440
174 440
175 440
259 440
128 441
183 444
193 444
184 444
260 450
172 450
190 450
198 450
179 456
188 456
259 456
183 456
232 456
237 456
305 463
242 463
270 463
197 463
277 463
292 464
73 465
227 469
228 469
164 469
182 475
269 475
226 475
235 475
258 475
306 475
272 475
151 475
237 475
214 481
140 481
280 481
246 481
194 488
255 488
169 488
354 488
224 488
164 488
247 488
185 488
177 488
220 493
226 494
200 494
269 494
162 494
340 494
358 494
272 494
78 494
153 495
146 495
331 500
253 500
131 500
346 505
251 506
239 506
183 508
261 513
237 513
332 513
188 513
347 519
339 519
224 519
248 519
272 519
216 519
230 525
283 525
107 528
397 531
362 531
259 531
225 535
244 538
240 538
206 540
217 543
213 544
235 544
260 550
274 550
251 550
347 550
170 555
314 555
330 556
348 556
229 556
185 558
272 563
231 563
327 563
345 569
303 569
367 569
346 575
216 575
308 575
196 575
243 575
266 580
364 581
335 585
338 586
261 588
308 588
195 588
380 592
318 594
331 594
232 600
313 600
240 600
312 600
295 601
273 605
365 613
377 613
204 613
197 613
142 615
242 625
426 625
201 625
390 631
270 631
318 638
397 644
289 644
166 645
341 650
396 650
306 650
242 650
216 650
431 656
394 663
356 663
231 663
220 663
352 664
262 665
402 669
356 675
228 675
201 683
221 685
306 688
296 688
305 694
287 694
377 694
387 694
432 700
320 700
238 703
243 708
413 725
243 725
510 730
434 738
206 743
405 744
411 744
428 744
266 750
471 750
471 756
410 756
227 758
439 762
310 765
496 775
562 775
397 775
382 790
512 794
266 795
540 800
473 800
444 806
475 806
448 823
314 825
317 825
281 835
468 844
463 844
320 845
450 845
565 863
565 863
635 869
543 881
573 881
321 883
580 890
536 894
528 894
564 906
548 916
535 925
666 925
504 931
467 931
602 931
424 938
327 940
494 944
508 965
302 967
606 981
380 990
621 996
644 1001
372 1005
588 1006
448 1019
705 1029
580 1031
470 1038
694 1050
614 1050
450 1056
670 1056
571 1075
726 1075
563 1075
367 1075
707 1088
743 1088
469 1088
613 1099
515 1100
387 1110
594 1113
347 1115
346 1120
536 1125
634 1129
720 1147
817 1149
722 1152
654 1156
710 1163
723 1169
475 1185
528 1188
782 1194
675 1194
338 1195
565 1213
630 1213
731 1229
918 1254
717 1262
363 1270
631 1275
575 1298
571 1325
767 1325
634 1347
771 1369
664 1369
733 1381
984 1392
658 1406
791 1425
843 1431
807 1433
837 1475
685 1488
993 1500
1093 1531
749 1544
923 1560
746 1569
993 1578
696 1583
1055 1594
820 1594
888 1614
952 1663
1116 1672
1001 1723
702 1738
1179 1813
662 1873
1124 1875
1308 1907
998 1975
1210 1994
922 2000
1406 2124
1227 2156
861 2231
1175 2328
714 2383
1459 2440
1387 2613
1906 2723
1263 2945
0 126
49 150
32 178
73 178
39 188
132 209
59 213
66 218
89 219
129 219
85 225
137 231
121 231
99 233
51 235
74 241
114 244
109 244
142 244
91 244
62 245
112 250
127 250
165 260
64 263
72 263
88 268
117 269
111 269
98 275
189 281
178 281
70 281
66 281
90 288
73 300
140 300
165 300
110 303
91 305
116 305
96 306
86 306
169 306
161 306
81 306
83 313
148 313
121 313
150 319
132 319
139 319
221 319
174 319
185 319
137 319
111 319
146 319
132 320
120 320
152 325
117 325
128 325
128 325
132 325
164 325
137 325
183 325
135 331
118 331
216 331
160 331
175 331
183 331
142 335
268 336
162 338
103 338
119 338
169 338
213 344
114 344
149 344
125 344
176 344
190 344
192 344
164 344
116 350
175 350
133 350
149 350
123 350
229 350
137 350
112 356
175 356
142 356
166 359
235 363
198 363
154 363
165 363
127 363
199 365
205 369
174 369
207 369
209 369
125 375
163 375
181 375
153 375
151 375
171 375
172 375
163 375
188 375
242 379
141 380
191 381
242 381
129 381
140 381
98 381
111 388
217 388
250 388
212 388
235 388
133 388
188 393
180 394
188 394
182 394
171 394
157 394
125 394
282 398
194 400
247 400
230 400
205 400
191 400
170 400
141 400
200 400
225 400
158 400
163 405
176 405
209 406
187 406
115 406
219 406
230 406
124 406
191 406
169 406
231 409
262 413
128 413
224 413
198 413
209 413
133 418
233 419
242 419
130 419
157 420
206 425
195 425
205 425
122 425
132 425
265 429
234 431
224 431
175 431
200 431
180 431
247 431
187 431
169 431
222 433
149 435
212 438
205 444
215 444
96 444
171 444
98 444
287 445
177 445
312 445
245 450
192 450
230 450
219 450
174 450
212 450
247 450
262 450
216 450
233 450
103 450
230 456
222 456
276 456
213 456
271 456
142 456
263 463
214 463
276 463
289 463
175 463
157 463
236 469
250 469
288 475
256 475
221 475
332 475
213 475
316 475
231 475
245 481
214 481
240 481
190 481
315 487
278 488
146 488
256 488
158 488
260 494
319 494
239 494
288 494
164 494
302 496
172 500
219 500
268 506
310 506
269 506
182 513
263 513
286 519
237 525
271 525
237 525
122 525
230 525
307 531
209 531
263 531
322 531
166 531
221 533
165 540
301 544
217 544
223 545
154 548
181 548
234 550
216 550
234 550
253 563
361 563
214 569
267 575
348 575
221 575
235 580
370 581
85 581
376 587
341 588
334 588
315 588
272 588
376 588
286 588
339 594
374 594
315 594
229 594
186 598
235 600
442 600
373 600
142 600
241 605
336 606
357 606
326 606
294 606
376 613
266 613
181 613
381 614
189 615
248 619
314 619
399 625
355 625
375 625
334 626
258 628
306 631
442 631
304 631
419 631
294 631
366 633
257 638
228 638
376 638
308 638
221 638
459 644
300 644
394 650
454 650
204 650
309 651
255 653
322 653
336 656
283 663
363 663
386 667
329 669
287 673
221 683
426 694
396 694
342 694
345 694
409 694
445 694
306 700
490 704
366 706
287 708
452 708
335 710
456 713
386 719
302 720
264 720
261 723
364 723
222 725
331 725
290 731
425 731
451 737
305 738
330 744
237 748
346 750
368 756
377 756
489 763
478 769
403 775
244 780
458 781
382 785
538 791
553 794
525 794
495 806
404 806
378 813
493 818
304 818
590 830
323 833
455 838
327 844
310 844
397 850
398 850
264 850
586 856
546 856
585 863
549 869
464 875
264 880
321 890
451 890
395 893
412 900
458 902
293 903
404 905
542 913
574 915
613 931
649 931
643 938
604 940
435 944
358 944
422 944
614 950
509 950
608 956
286 960
372 963
560 969
560 975
670 981
300 981
484 988
548 994
641 1000
328 1028
655 1033
526 1038
676 1044
453 1044
602 1050
634 1050
646 1050
481 1070
753 1075
765 1075
618 1080
544 1081
714 1086
745 1088
584 1098
445 1113
352 1118
685 1121
727 1135
493 1138
403 1140
665 1142
409 1145
591 1150
718 1156
791 1169
787 1169
704 1175
449 1180
832 1196
639 1213
505 1220
450 1225
696 1243
925 1247
809 1250
664 1250
687 1266
822 1295
694 1316
547 1320
872 1338
914 1344
639 1344
870 1350
864 1350
915 1375
677 1375
956 1388
852 1388
654 1388
845 1431
676 1431
597 1440
930 1444
630 1444
600 1475
631 1485
872 1565
931 1631
1023 1668
972 1731
1135 1775
1226 1798
1226 1830
992 1837
927 1850
909 1863
1224 1875
1196 1895
1296 2038
1275 2048
1087 2131
995 2200
1218 2263
1168 2394
1626 2409
1622 2812
1581 3070
2107 3950
16 95
19 103
45 155
60 163
19 163
109 165
88 194
104 194
64 195
35 198
63 200
85 200
84 205
71 219
84 225
93 225
117 230
150 231
70 231
134 238
33 244
166 250
105 250
110 250
146 250
73 250
134 263
177 263
95 265
114 269
161 269
117 269
140 269
130 269
173 275
182 275
72 275
146 275
88 280
184 281
139 281
83 281
89 281
131 281
173 287
152 288
135 288
112 288
170 288
103 288
145 293
114 294
156 294
104 294
131 300
137 300
108 300
155 303
125 303
161 306
153 306
171 306
131 310
142 313
117 313
142 313
180 313
116 313
81 313
209 319
129 319
163 319
152 319
158 319
138 319
194 319
154 320
80 325
167 325
191 325
182 325
198 325
157 331
114 331
109 333
178 338
173 338
160 338
206 338
118 338
166 338
138 338
143 338
172 338
157 338
143 338
120 344
160 344
199 344
163 344
175 344
151 344
90 344
104 345
160 350
166 350
158 350
159 350
144 350
192 350
207 350
207 350
164 350
166 350
196 356
186 356
162 356
109 356
153 356
154 363
190 363
210 363
176 363
112 363
165 363
252 365
239 369
164 369
181 369
184 369
182 369
202 369
186 369
171 369
141 375
220 375
190 375
162 375
207 375
150 375
134 381
173 381
166 381
173 381
243 381
177 381
197 388
200 388
97 388
231 388
184 388
287 389
260 394
102 394
192 394
209 394
136 394
232 394
147 394
172 400
133 400
138 400
221 400
178 400
186 400
188 400
112 406
264 406
182 406
184 406
94 406
174 406
101 408
248 413
196 413
173 413
229 413
215 413
239 413
188 419
193 419
183 419
190 419
216 419
261 425
290 425
229 425
313 425
148 425
150 425
207 425
221 428
261 431
139 431
242 431
181 431
202 431
185 431
124 431
139 432
162 438
231 438
211 438
184 440
157 443
242 444
128 444
170 444
197 444
148 444
116 444
189 445
145 448
269 450
249 450
222 450
148 450
212 450
201 450
119 450
180 453
361 456
174 456
230 456
169 456
270 456
192 458
155 458
269 458
203 463
205 463
160 463
144 463
300 469
172 469
221 469
257 469
236 469
304 469
159 469
211 469
203 469
163 470
322 475
158 475
276 475
118 475
156 481
202 483
267 494
207 494
319 494
239 494
302 500
313 500
200 500
229 500
208 500
201 500
169 500
226 500
184 500
50 500
151 500
141 506
306 506
295 506
113 506
188 510
225 513
225 513
112 513
272 519
210 519
163 525
221 528
270 530
324 531
330 531
381 531
339 538
212 538
179 538
245 538
306 540
183 540
149 543
316 544
279 544
163 544
217 545
208 550
354 550
292 552
328 552
217 555
259 556
232 556
284 556
235 556
238 558
306 563
321 563
248 563
345 569
381 569
228 569
219 573
183 573
402 575
214 575
345 581
381 581
325 581
299 581
249 590
185 594
252 594
264 594
361 596
201 598
386 600
340 600
147 600
232 605
339 606
352 606
364 613
268 613
312 619
226 619
238 620
333 625
287 625
299 625
197 625
305 626
306 631
290 631
284 633
198 633
294 633
189 638
232 638
453 644
351 644
411 650
353 650
297 650
212 650
257 655
273 656
361 656
462 662
238 668
272 668
325 669
326 669
339 669
310 669
178 685
248 688
193 688
442 689
284 690
438 692
493 694
216 698
403 700
368 700
267 705
499 710
276 710
471 713
319 713
336 713
249 715
469 722
429 725
382 725
322 725
180 728
484 729
275 731
453 736
480 738
459 738
370 750
520 757
218 760
468 763
473 775
499 775
470 781
527 788
458 792
299 795
372 800
360 800
250 803
630 805
337 813
281 813
561 825
424 838
353 840
530 841
526 844
470 850
446 856
297 858
503 859
576 863
402 863
332 865
478 869
448 883
403 893
389 895
577 913
454 913
388 913
475 919
420 923
594 923
659 925
628 930
280 930
460 930
372 935
278 935
479 938
378 943
353 950
633 975
588 988
365 990
604 991
652 994
525 998
363 1003
564 1004
623 1006
488 1013
684 1019
622 1020
348 1023
712 1037
420 1048
337 1063
620 1081
635 1088
760 1091
625 1097
526 1106
710 1108
702 1119
698 1125
593 1125
712 1132
407 1133
394 1155
828 1186
709 1194
687 1194
629 1194
623 1200
703 1213
691 1225
445 1230
562 1231
752 1248
932 1278
624 1309
722 1319
831 1344
810 1365
849 1419
644 1425
846 1459
1012 1472
651 1475
901 1506
598 1530
802 1531
1008 1545
465 1568
1028 1627
898 1669
1126 1713
1088 1750
1300 1819
1079 1895
969 1944
1240 1974
1202 2050
1016 2119
881 2138
1022 2155
1285 2156
1495 2325
1530 2456
1767 2546
1444 2551
1446 2638
2026 3277
56 175
110 181
33 188
132 197
59 205
63 214
67 215
74 220
132 225
99 225
96 225
115 231
123 238
55 238
115 244
96 248
178 250
125 250
82 250
125 251
139 256
149 256
139 260
130 263
88 263
123 265
81 268
121 269
57 269
90 269
130 269
104 269
111 273
127 275
99 281
150 281
154 285
129 288
217 288
105 288
149 294
99 300
117 306
173 306
154 306
77 306
152 306
100 306
148 306
178 309
109 313
61 313
179 313
126 313
94 315
102 315
76 318
97 319
121 319
133 319
92 325
184 325
164 325
195 325
160 325
178 325
180 325
56 325
164 331
178 331
134 331
130 331
132 331
182 338
156 338
126 338
99 338
148 338
96 338
138 338
58 340
193 344
150 344
160 344
155 344
116 344
169 344
164 344
115 344
153 350
175 350
122 350
127 350
111 353
209 356
106 356
201 356
185 356
144 356
143 356
116 356
187 363
224 363
165 363
236 363
207 363
186 363
154 363
131 363
168 363
159 363
136 368
178 369
229 369
161 369
160 369
193 369
223 369
193 369
232 369
167 375
156 375
201 375
154 375
144 375
204 375
148 375
180 375
94 375
148 381
194 381
139 381
183 381
208 381
183 388
156 388
218 388
135 388
132 388
166 388
223 388
240 388
204 388
181 388
145 388
148 388
112 394
264 394
207 394
202 394
182 394
148 394
276 394
190 394
249 400
231 400
207 400
116 400
142 400
182 400
155 400
218 400
238 400
193 400
213 400
176 400
251 402
146 405
231 406
207 406
202 406
238 406
176 406
216 406
134 413
166 413
127 413
265 413
128 413
152 413
168 413
177 413
183 415
282 419
260 419
168 419
132 425
217 425
174 425
212 425
234 425
181 425
245 431
158 431
272 431
171 431
259 431
198 431
221 431
245 438
195 438
67 438
215 438
172 438
223 438
194 438
172 438
181 438
251 444
274 444
234 444
208 450
177 455
179 456
229 456
263 456
162 456
227 456
261 456
245 456
209 456
165 456
166 458
275 463
221 463
182 463
121 463
150 463
170 469
267 469
315 469
166 473
159 473
286 475
232 475
177 475
208 481
167 481
238 481
194 481
243 481
149 483
214 488
182 488
136 488
169 494
356 494
178 498
284 500
228 500
275 500
331 500
206 500
192 503
273 506
245 506
331 506
276 506
329 513
286 513
215 513
271 513
290 513
256 513
171 518
156 519
265 519
170 519
143 519
298 525
255 525
206 525
240 531
363 531
204 531
364 538
272 538
195 538
193 540
327 544
260 544
332 544
223 544
282 546
330 550
301 556
260 556
213 556
319 556
255 556
207 556
187 558
332 563
248 563
197 563
206 568
158 569
379 569
276 569
266 569
195 569
254 573
362 575
323 575
229 580
184 580
367 581
231 581
340 582
308 588
257 588
368 594
287 594
239 594
318 600
350 601
206 606
314 606
321 613
361 613
204 615
366 619
231 619
195 619
268 638
344 638
288 644
308 644
315 645
427 647
391 650
200 655
338 656
468 663
312 663
307 663
257 665
272 669
352 669
308 669
201 673
297 675
326 675
395 681
363 683
273 685
514 688
419 694
525 700
294 700
336 700
482 700
432 704
231 705
432 706
385 706
211 708
201 710
263 713
269 717
372 725
309 730
521 732
451 742
448 744
449 744
359 744
311 744
533 747
506 750
510 750
432 756
252 758
338 763
427 763
377 767
345 768
234 768
415 769
335 769
424 769
395 771
404 775
273 778
235 784
491 785
350 788
445 792
403 792
472 800
419 802
492 804
334 806
255 810
560 813
430 813
440 813
364 813
283 823
530 825
523 825
265 825
481 831
489 831
509 838
540 838
428 844
445 844
329 846
438 850
285 853
397 856
488 869
548 870
459 875
289 875
327 878
300 883
495 894
317 908
267 910
552 913
608 925
678 925
355 925
328 925
670 926
534 944
358 953
527 963
287 965
449 983
449 983
580 988
670 994
596 1000
332 1005
497 1006
581 1006
613 1013
590 1017
524 1019
438 1020
484 1025
656 1031
659 1044
589 1049
344 1053
426 1063
625 1088
465 1094
686 1106
671 1118
693 1119
787 1119
661 1119
423 1120
721 1131
519 1131
617 1139
707 1150
483 1150
674 1157
789 1163
626 1167
494 1169
616 1179
679 1182
460 1196
752 1209
445 1213
823 1218
801 1231
756 1242
822 1263
812 1269
612 1275
737 1300
804 1300
610 1315
480 1315
841 1338
736 1338
941 1351
922 1400
864 1444
970 1463
1055 1474
878 1550
871 1595
914 1615
566 1631
351 1650
746 1681
1039 1688
1141 1716
1204 1745
902 1811
1106 1901
1266 1952
1043 2125
1175 2137
1102 2263
1426 2944
1984 3088
17 122
59 175
56 175
69 181
77 185
92 188
65 198
114 206
73 210
121 210
55 213
52 220
66 223
123 225
113 231
71 231
66 233
170 238
41 256
116 256
140 256
87 256
122 258
109 260
134 263
85 263
87 269
164 269
142 269
160 269
159 269
177 269
86 270
156 275
150 275
97 280
181 281
169 281
104 288
170 288
126 294
174 294
128 297
122 300
185 300
105 300
132 300
139 306
131 306
120 308
177 319
111 319
167 319
106 320
148 325
226 325
141 325
156 325
217 325
155 325
170 325
126 325
123 325
249 325
91 325
124 325
139 331
152 331
122 331
194 331
158 331
122 331
102 335
170 338
169 338
145 338
183 338
190 338
94 338
150 338
115 338
128 338
132 338
169 344
173 344
162 344
117 344
141 344
165 344
186 344
178 344
169 344
128 344
208 345
116 348
137 350
142 350
183 350
120 350
164 350
173 350
155 350
161 350
191 350
118 350
191 351
185 356
149 356
158 356
180 363
132 363
194 369
182 369
140 369
184 369
185 369
139 369
97 369
148 375
235 375
187 375
147 375
151 375
209 375
161 375
141 378
176 380
125 380
133 381
234 381
196 381
181 381
119 381
181 381
185 381
200 388
150 388
194 388
159 390
143 393
158 394
152 394
171 394
208 394
239 394
180 394
187 394
189 394
116 394
176 394
138 400
209 400
144 400
133 400
149 400
211 400
250 400
150 403
142 406
276 406
195 406
181 406
124 408
263 413
155 413
139 413
199 413
249 419
172 419
151 419
214 419
231 419
177 419
191 425
136 425
174 425
207 425
165 431
258 431
217 431
226 431
198 431
169 431
184 431
136 433
158 433
166 435
162 438
123 438
215 438
169 438
208 438
158 438
242 438
217 438
129 438
171 438
135 440
191 444
197 444
239 444
210 444
208 444
182 444
208 444
154 444
238 446
103 448
232 450
296 450
263 450
235 450
206 450
183 450
182 450
255 456
242 456
223 456
197 456
180 458
290 460
191 463
229 463
191 463
238 463
231 463
162 468
262 469
202 469
223 469
147 469
264 469
163 470
315 475
240 475
189 475
140 475
210 475
247 481
246 481
256 481
210 481
219 481
195 488
168 488
173 488
198 488
286 488
278 488
233 488
294 494
203 494
213 494
231 494
211 494
157 495
334 500
179 500
248 506
272 506
292 506
312 506
301 506
308 513
287 513
88 513
212 515
178 518
351 519
276 519
311 519
267 525
245 525
392 525
175 525
192 525
301 525
169 530
218 531
356 531
195 531
187 533
264 536
207 538
334 538
259 538
280 538
135 540
365 540
319 543
282 544
254 544
296 544
329 544
273 544
244 544
310 550
327 550
319 556
259 558
161 560
346 563
303 564
235 565
180 568
262 569
334 575
242 575
372 575
174 575
285 576
196 578
185 580
305 581
320 581
286 581
368 581
313 588
369 594
291 594
247 594
251 594
350 600
310 607
178 607
197 610
301 613
150 613
424 619
249 620
220 620
429 625
330 630
296 631
373 631
454 631
314 631
396 632
332 633
235 635
456 642
268 648
384 650
405 650
281 650
238 655
322 656
402 656
248 665
415 669
363 669
281 670
278 675
342 681
441 683
207 685
251 685
459 688
359 688
231 690
479 691
351 693
434 694
429 694
445 696
362 700
182 700
397 706
304 710
453 712
155 716
311 719
498 731
342 731
306 738
286 738
281 748
284 750
500 763
408 763
508 769
352 769
292 769
415 771
407 771
276 778
530 788
405 788
314 788
356 800
369 800
544 806
416 806
486 806
453 813
544 819
372 825
205 825
616 831
513 850
433 853
267 860
616 863
448 869
344 875
387 900
558 900
300 908
347 922
571 926
609 926
620 938
599 943
594 954
620 985
482 988
671 994
598 994
703 1013
561 1019
519 1019
604 1020
639 1044
635 1050
398 1075
430 1081
784 1088
511 1088
603 1100
653 1119
448 1119
582 1125
763 1130
612 1131
460 1133
621 1138
509 1150
660 1150
697 1152
654 1156
652 1163
579 1163
356 1175
551 1193
530 1194
780 1206
591 1206
758 1226
730 1230
480 1238
734 1250
773 1250
607 1256
819 1275
758 1288
724 1300
744 1300
611 1300
656 1300
654 1313
711 1319
756 1340
664 1347
549 1370
700 1375
832 1411
955 1448
662 1450
985 1454
795 1472
712 1475
734 1513
800 1513
468 1515
798 1523
816 1538
868 1544
972 1575
1007 1578
754 1588
949 1590
1198 1594
810 1594
1089 1600
1056 1603
830 1604
1130 1625
764 1669
1158 1677
1065 1750
1073 1750
829 1788
1118 1844
932 1880
1185 1894
1369 1901
1308 1965
1073 1967
1197 1994
1351 2075
393 2110
1163 2175
0 2360
1266 2975
1898 3281
36 153
70 163
85 203
145 206
59 219
110 220
81 223
64 225
112 225
95 228
120 231
95 238
97 238
135 238
92 243
125 244
108 245
100 247
50 250
164 256
114 256
78 260
125 263
102 263
112 268
122 269
150 269
138 269
73 269
79 273
119 274
84 275
108 275
157 275
195 275
116 278
102 281
93 281
134 281
151 281
168 281
64 281
95 285
117 288
135 288
191 288
166 288
137 288
144 288
113 294
75 294
153 294
120 294
85 294
95 294
110 295
115 300
108 300
124 300
127 300
168 300
118 300
83 306
169 306
156 306
142 306
134 306
135 306
189 306
197 308
178 313
206 313
157 313
191 313
180 313
171 313
154 319
117 319
140 319
200 319
114 319
161 320
90 323
76 323
136 325
132 325
135 325
151 325
161 325
118 325
211 331
149 331
115 331
208 331
175 331
163 331
160 335
111 335
89 335
100 335
236 335
140 338
141 338
127 343
111 344
192 344
154 344
97 344
137 345
106 345
157 350
131 350
138 350
180 350
134 350
214 350
149 355
184 356
167 356
163 356
146 356
108 356
136 356
113 359
123 363
151 363
141 363
147 363
134 363
164 363
166 363
141 363
102 363
140 363
149 368
147 368
261 368
207 369
189 369
180 369
155 369
141 369
187 375
159 375
142 375
207 381
201 381
173 381
138 381
206 388
215 388
213 388
166 388
144 388
159 388
186 388
182 394
229 394
155 394
203 394
154 394
170 394
216 394
127 395
189 400
175 400
157 400
187 400
194 400
189 400
164 400
111 400
152 400
240 406
192 406
210 406
163 410
135 410
248 413
187 413
209 419
257 419
191 419
170 419
262 419
163 419
305 425
158 425
178 425
151 425
181 425
187 425
244 431
204 431
237 431
329 431
256 431
202 431
190 431
80 431
263 434
241 438
141 438
202 438
323 438
277 438
163 438
156 438
179 440
123 443
227 444
230 444
224 444
213 450
227 450
297 450
201 450
232 450
286 450
151 450
257 456
303 456
191 456
235 456
231 456
240 463
214 463
183 463
122 463
211 469
167 469
176 469
197 469
222 469
244 469
160 469
205 469
204 473
222 473
227 475
194 475
279 481
260 481
269 481
220 483
268 487
181 488
237 488
275 488
286 488
149 488
143 488
91 488
185 490
289 494
349 494
190 494
300 500
328 506
193 506
324 506
205 506
315 513
287 513
223 513
329 513
170 513
275 513
237 513
240 513
152 513
128 513
269 519
136 520
296 521
242 523
312 525
209 525
155 525
107 528
311 531
329 531
195 531
235 531
317 531
210 531
166 533
195 533
192 535
386 538
301 538
310 538
272 538
235 538
258 538
220 538
172 538
233 538
134 540
230 544
285 544
215 544
327 544
311 544
235 548
300 550
283 550
225 550
297 556
274 556
254 563
299 569
233 569
353 569
228 569
263 570
382 575
388 581
215 583
207 588
289 588
393 588
163 588
203 588
386 594
186 594
344 595
155 595
334 600
199 600
360 600
264 606
377 612
284 613
211 615
259 619
413 619
263 624
283 625
174 628
144 628
161 629
253 630
346 631
421 631
280 631
297 638
269 638
273 645
176 648
365 650
435 656
394 656
419 656
418 663
246 663
422 669
382 669
449 675
301 675
474 675
291 678
423 681
413 681
338 681
207 681
239 688
222 693
530 694
304 698
369 700
318 706
513 713
255 713
323 719
461 723
343 725
320 725
468 728
379 731
463 731
383 732
353 738
259 740
490 763
213 765
301 768
444 769
412 769
269 770
477 773
350 775
364 780
369 781
412 781
350 781
557 788
333 788
383 794
479 800
501 800
269 806
598 822
369 825
262 833
476 838
495 845
540 850
148 863
321 875
285 875
632 881
378 885
330 888
454 894
502 906
454 919
468 919
296 928
558 940
257 945
568 950
645 970
557 975
638 979
590 980
561 988
513 992
599 1000
407 1003
615 1006
508 1006
604 1013
652 1025
409 1025
514 1035
526 1038
400 1038
715 1050
348 1055
625 1060
572 1069
367 1070
384 1073
515 1094
506 1100
513 1106
587 1125
480 1125
471 1131
690 1144
751 1154
362 1155
649 1156
621 1156
663 1163
315 1173
767 1175
650 1176
383 1178
673 1178
686 1180
463 1198
474 1203
493 1213
529 1228
461 1228
631 1238
708 1243
921 1246
714 1255
775 1277
698 1288
664 1294
841 1313
831 1350
859 1354
934 1360
819 1363
892 1363
709 1381
606 1395
911 1406
934 1420
869 1451
553 1465
992 1481
1076 1481
339 1513
876 1538
925 1550
1143 1625
1126 1712
962 1719
585 1750
1133 1774
798 1792
838 1850
1139 1905
1215 1957
897 1963
1134 1989
1072 2015
1188 2046
1701 2540
42 83
30 131
72 138
31 180
81 183
88 188
72 188
106 188
23 193
94 194
60 196
96 206
55 206
115 206
93 208
57 213
60 220
48 225
102 225
132 226
132 229
105 231
58 238
132 238
97 238
90 244
86 250
97 250
125 250
117 253
95 253
128 256
134 256
80 256
173 263
126 263
121 263
107 269
136 269
126 269
124 269
194 269
162 275
108 275
159 275
134 275
151 288
105 288
122 288
194 294
121 294
143 294
187 300
141 300
143 300
112 300
149 300
135 306
176 306
167 306
30 306
176 306
190 306
139 306
116 313
148 313
193 313
198 313
172 313
216 319
115 319
194 319
175 319
126 319
156 319
154 319
91 323
172 325
139 325
125 325
144 325
183 325
112 325
153 325
106 325
221 331
90 331
90 331
106 331
154 331
136 331
192 331
131 333
103 333
86 335
152 338
184 338
106 343
114 344
154 344
190 344
190 344
219 344
194 344
168 344
221 344
200 350
125 350
212 350
148 350
201 350
205 350
172 350
171 350
170 350
102 350
121 350
114 350
142 350
147 363
179 363
244 363
136 363
241 363
167 363
149 363
199 363
128 363
159 363
129 365
160 368
179 369
108 369
200 369
230 369
191 369
198 369
214 369
166 369
171 369
97 370
188 375
176 375
159 375
167 375
174 375
202 375
242 375
181 375
166 375
115 378
235 381
227 381
176 381
231 388
157 388
176 388
161 388
143 390
209 394
217 394
114 394
187 394
200 394
245 394
177 394
135 394
148 394
124 394
285 400
115 400
134 400
310 400
184 400
288 400
255 400
248 400
216 406
140 406
142 406
224 406
227 406
136 410
204 410
136 413
180 413
201 413
185 413
143 413
140 413
244 419
265 419
207 419
189 419
227 419
114 419
318 419
194 419
158 419
218 420
163 423
244 425
146 425
198 425
222 425
122 425
147 430
190 431
148 431
183 431
172 431
220 431
188 438
181 438
132 438
200 438
225 438
181 438
168 440
149 440
212 444
266 444
267 444
158 444
166 444
294 450
229 450
168 450
308 450
189 450
292 453
296 456
187 456
255 456
268 459
154 463
222 463
237 463
161 463
327 463
200 468
256 469
295 469
198 469
208 469
143 469
135 469
151 473
251 475
256 475
336 475
180 475
129 475
228 481
360 481
318 481
191 494
243 494
234 494
179 500
203 505
333 506
229 506
268 506
283 506
279 506
270 513
272 519
371 525
261 525
246 525
284 528
253 531
235 531
167 531
271 531
167 531
334 532
333 538
342 538
193 538
288 538
298 538
293 538
252 538
313 544
252 544
269 544
312 544
314 544
343 544
355 550
265 550
222 550
151 550
291 556
274 556
274 560
303 563
328 563
265 563
303 563
140 563
243 563
216 563
200 565
239 569
203 573
278 575
280 575
186 575
326 581
248 594
336 594
216 594
324 594
188 595
276 600
331 600
175 600
232 603
419 605
339 606
176 606
260 606
149 613
286 613
393 613
224 618
376 619
350 619
374 625
351 625
317 625
253 625
367 625
227 625
237 630
379 630
380 631
363 631
304 631
364 631
387 638
240 643
412 643
397 644
259 644
356 644
320 644
250 645
249 650
373 650
379 652
481 654
266 656
258 660
304 669
386 675
240 676
218 680
280 683
232 690
343 694
266 700
342 700
413 700
186 700
253 700
338 706
372 706
413 706
468 713
283 713
508 714
456 719
349 719
525 719
274 720
326 725
280 730
316 731
423 735
392 738
499 744
360 744
232 748
360 756
538 763
391 765
346 769
332 775
464 788
305 788
585 793
476 794
406 805
494 807
398 810
457 814
237 820
536 825
308 830
525 838
346 838
434 844
289 844
507 847
475 850
349 850
322 850
520 856
287 858
494 860
562 875
273 875
441 875
454 875
474 881
420 881
471 892
521 895
569 906
322 920
530 931
622 938
515 944
501 950
458 950
576 963
532 963
633 969
520 969
516 975
528 975
596 994
660 997
387 1005
363 1013
552 1044
371 1053
622 1056
551 1069
690 1075
600 1078
483 1094
390 1103
369 1123
550 1138
679 1144
579 1150
466 1163
369 1184
760 1185
762 1191
795 1196
661 1200
820 1206
578 1225
477 1235
406 1245
834 1250
451 1278
586 1292
748 1300
606 1300
711 1313
597 1324
908 1325
813 1331
601 1358
739 1363
960 1385
710 1405
514 1432
665 1438
1002 1452
817 1465
590 1469
872 1500
803 1513
1058 1526
809 1555
1050 1600
899 1605
836 1625
696 1665
949 1694
717 1699
928 1700
611 1713
1154 1856
1060 1856
1147 1869
1156 1900
1120 1900
1208 1981
1194 2053
1156 2246
1409 2285
1262 2288
1214 2345
1094 2372
1035 2531
1552 2781
67 150
61 165
90 181
55 183
83 193
101 194
50 198
120 206
102 206
79 219
154 219
132 219
109 225
117 225
128 225
57 225
80 230
68 231
134 231
91 244
137 256
96 263
122 263
90 263
126 269
91 269
148 269
151 269
120 269
89 269
124 275
130 275
105 275
97 275
107 275
116 281
151 281
153 281
147 281
156 281
98 283
122 286
77 294
150 294
184 294
117 294
128 295
111 300
134 300
144 300
80 300
98 306
127 306
137 306
131 306
193 306
145 306
171 306
76 306
84 306
187 313
113 313
187 313
169 313
194 319
117 319
133 319
72 319
166 325
153 325
184 325
196 325
172 325
137 325
122 331
138 331
177 331
173 331
56 333
208 335
133 338
103 338
146 338
136 338
174 338
182 338
152 338
114 338
140 340
74 343
197 344
169 344
161 344
148 344
122 344
173 344
132 344
66 344
148 350
208 350
151 350
219 350
145 350
203 350
158 356
233 356
116 356
185 356
213 363
144 363
177 363
165 363
243 363
208 363
199 363
163 363
193 363
150 363
74 363
174 369
184 369
152 369
202 369
297 375
131 375
109 375
182 375
197 375
78 375
101 375
110 375
103 378
146 380
212 381
95 381
173 381
155 381
179 381
153 381
161 381
188 381
129 381
145 381
101 381
119 381
182 388
232 388
150 388
214 388
152 388
165 389
97 390
209 394
124 394
198 394
156 394
234 400
186 400
172 400
211 400
168 400
202 400
175 400
179 400
171 406
249 406
147 406
217 406
200 406
228 406
156 406
151 406
278 410
292 413
184 413
155 413
195 413
209 413
209 413
229 413
177 413
205 413
262 413
133 418
180 419
171 419
61 423
178 425
251 425
116 425
217 425
192 425
209 425
153 425
220 425
222 425
178 430
159 431
151 431
183 433
295 438
307 438
212 438
133 438
244 444
159 444
163 444
207 444
249 444
183 444
251 444
206 448
203 450
144 455
168 456
219 456
200 456
255 456
182 458
298 463
129 463
162 463
308 469
203 469
233 469
131 469
169 469
319 475
232 475
210 475
165 478
238 481
117 481
189 481
124 481
88 481
232 488
204 488
181 488
167 490
198 490
166 494
186 494
310 494
253 494
241 494
206 494
155 494
258 498
308 500
250 500
304 500
208 500
225 506
213 506
259 506
301 507
149 510
243 510
205 513
314 531
230 535
224 538
283 538
320 544
341 544
184 545
193 548
253 550
224 550
189 550
210 550
150 550
266 556
234 556
334 556
310 562
192 563
227 563
199 568
181 578
388 581
201 583
402 588
353 588
206 588
368 588
244 595
278 600
276 600
309 600
237 603
422 606
381 606
350 613
425 613
217 613
307 613
394 619
383 619
365 619
152 619
296 620
350 625
339 625
317 625
288 625
442 628
213 631
232 633
214 638
412 644
430 650
323 650
237 650
296 650
394 656
244 665
323 669
366 669
447 669
445 669
300 670
398 675
320 675
180 675
398 675
203 680
285 681
406 681
432 685
200 691
276 693
455 694
500 694
411 699
188 708
462 712
387 719
202 720
495 725
357 725
375 731
341 731
423 736
401 738
277 743
399 744
275 745
370 750
302 755
269 755
473 760
307 768
544 768
304 769
483 775
331 778
262 780
325 781
458 781
340 785
443 793
530 794
535 794
480 800
249 808
470 813
307 815
274 816
320 823
563 825
352 828
456 835
555 838
483 838
422 838
338 838
547 844
466 844
282 848
412 850
331 855
311 865
418 869
593 870
564 875
454 875
290 875
580 877
355 877
613 892
537 899
382 900
565 905
574 906
428 925
453 934
467 938
583 944
249 944
360 945
602 950
349 950
662 956
312 963
403 965
574 967
363 968
681 988
519 988
596 994
343 994
408 995
669 1000
647 1000
527 1006
489 1006
363 1009
603 1025
418 1025
412 1025
488 1031
584 1034
741 1043
689 1044
523 1054
590 1063
640 1069
671 1075
611 1088
681 1094
505 1106
625 1107
652 1113
743 1119
833 1122
860 1132
751 1144
725 1144
596 1144
575 1144
526 1144
385 1145
451 1155
532 1163
725 1169
552 1169
769 1173
849 1177
622 1189
588 1193
641 1198
702 1200
616 1201
0 1218
591 1219
728 1225
814 1267
878 1270
550 1280
721 1281
726 1281
803 1288
467 1303
519 1323
844 1333
821 1336
885 1338
601 1338
1040 1350
837 1358
933 1388
708 1391
687 1394
958 1450
227 1455
621 1455
881 1461
940 1463
818 1507
780 1513
632 1525
1055 1532
941 1569
616 1573
527 1588
969 1600
1013 1631
1046 1638
901 1644
577 1675
987 1706
725 1706
972 1724
1124 1738
1132 1768
852 1794
696 1923
1270 2023
799 2034
1164 2088
1121 2162
1265 2394
1370 2526
29 48
54 117
65 175
92 183
41 188
65 198
83 200
68 210
59 215
78 219
91 220
148 231
127 231
122 231
114 231
86 235
139 238
120 240
127 244
146 244
66 248
98 250
187 250
161 256
116 256
101 258
112 263
114 265
144 269
177 269
131 269
113 270
119 275
100 275
79 275
141 280
143 281
121 281
100 283
179 288
156 288
80 293
189 294
182 294
134 294
91 295
149 300
64 300
114 300
197 300
106 300
189 306
134 306
115 306
147 306
141 313
175 313
187 313
137 313
126 313
179 319
95 319
152 319
130 319
129 319
141 319
202 319
166 319
119 319
98 320
162 325
219 325
130 325
163 325
153 325
157 325
67 325
162 325
133 325
110 325
134 331
154 331
120 331
139 331
147 331
172 331
74 335
136 338
132 338
145 338
166 338
135 338
141 338
210 344
118 344
178 344
164 344
124 344
165 344
144 344
165 344
177 344
193 344
177 350
158 350
148 350
182 350
167 350
191 350
172 350
203 350
153 350
76 350
201 353
158 355
195 356
152 356
150 356
143 356
171 356
94 356
243 356
155 356
215 356
136 356
104 363
171 363
115 363
158 363
211 363
179 363
97 363
134 363
112 363
198 363
174 369
175 369
183 369
244 369
167 369
210 369
210 370
284 370
154 373
198 375
130 375
185 375
169 375
184 375
147 375
121 375
130 375
185 381
167 381
169 381
200 381
247 381
183 381
167 388
155 388
140 388
151 388
229 388
189 388
191 388
171 388
179 388
151 393
240 394
192 394
288 394
160 394
121 400
234 400
206 400
116 400
228 406
147 406
162 406
147 406
106 406
285 406
188 406
211 406
282 406
174 413
186 413
145 413
166 413
174 413
164 413
191 419
187 419
212 419
248 419
191 419
227 419
184 419
109 420
150 423
290 425
191 425
177 425
206 425
164 425
195 425
200 425
153 425
157 431
174 431
242 431
185 431
173 431
218 431
197 431
191 438
170 438
181 438
206 438
205 438
201 438
117 443
169 444
228 444
311 450
207 450
227 450
188 450
279 456
198 456
311 456
188 456
205 456
190 463
169 463
163 463
168 469
254 469
162 469
160 469
68 469
125 469
178 470
310 475
202 475
328 480
210 481
213 481
247 481
253 481
207 485
189 488
177 494
230 500
187 503
248 506
253 506
177 512
310 513
225 513
202 513
148 515
292 519
221 519
289 519
274 525
167 526
262 527
366 531
222 531
286 538
300 538
280 538
244 544
395 544
259 550
339 550
192 550
379 552
188 555
328 556
313 556
220 556
227 556
192 558
248 559
202 560
343 569
282 569
190 575
230 575
95 575
214 581
252 581
226 585
318 588
243 588
226 588
182 593
286 594
194 594
313 600
248 600
360 600
189 600
227 605
336 606
377 606
344 606
210 606
284 613
151 613
360 619
289 619
298 619
273 625
159 628
257 630
218 635
405 638
362 638
269 638
243 643
330 645
392 650
440 656
413 657
386 663
208 665
381 669
258 673
343 675
336 675
315 678
262 678
420 688
385 694
375 694
496 694
467 700
361 700
279 708
485 712
268 713
293 713
176 715
282 718
465 720
256 730
409 731
289 731
489 731
357 738
288 738
237 738
405 744
458 744
440 750
489 756
259 758
233 763
310 768
260 770
458 770
367 775
326 775
441 775
482 781
394 781
402 788
471 794
329 794
68 794
348 800
422 805
396 805
454 811
578 819
274 820
515 825
280 828
604 831
316 833
459 835
597 838
331 843
548 850
349 853
370 868
515 873
337 878
536 880
633 881
548 885
499 885
558 888
406 900
596 906
386 908
393 940
648 950
379 954
301 960
606 963
362 968
487 969
508 975
487 975
566 981
703 986
618 987
583 988
674 988
563 991
682 995
420 1000
522 1006
659 1013
417 1015
767 1022
558 1038
544 1044
462 1048
777 1050
675 1055
718 1056
379 1065
682 1069
649 1075
596 1081
658 1088
445 1090
373 1093
518 1100
415 1103
682 1113
669 1113
761 1119
636 1122
789 1124
485 1125
498 1150
757 1169
514 1169
838 1173
649 1179
782 1199
640 1206
721 1219
672 1244
496 1255
823 1263
622 1267
661 1269
748 1269
645 1269
705 1275
762 1280
742 1290
517 1294
921 1304
412 1313
710 1338
844 1363
699 1375
947 1391
852 1412
910 1420
805 1467
956 1475
743 1481
652 1483
612 1488
850 1493
773 1521
637 1525
811 1531
888 1549
980 1563
804 1600
1066 1619
1042 1625
1041 1647
933 1657
0 1666
1204 1675
1076 1700
795 1700
1109 1781
1083 1801
809 1813
1158 1843
1225 1845
1304 1850
1186 1869
1180 2031
1159 2037
1422 2160
1337 2225
579 2268
1664 2453
1589 2931
1331 2944
1858 2994
1668 3111
51 120
38 128
34 138
55 168
70 178
67 181
47 193
110 194
99 194
76 223
101 225
122 225
79 231
85 238
156 238
134 244
74 244
108 250
57 250
92 250
56 250
45 250
91 253
120 256
130 256
158 256
99 258
154 263
141 269
121 269
137 269
117 269
91 271
173 272
68 273
48 275
154 275
160 275
140 275
160 281
129 285
129 288
112 288
190 288
149 288
149 288
191 288
157 288
164 288
135 288
114 294
110 294
188 295
158 300
123 300
114 300
116 300
135 300
181 300
127 306
154 306
161 306
129 306
167 306
186 306
184 306
107 308
123 313
195 313
155 313
143 313
210 313
77 313
124 315
162 316
176 319
159 319
126 319
156 319
180 319
184 319
105 319
125 319
123 319
171 325
226 325
209 325
197 330
128 331
132 331
114 331
153 331
130 331
153 331
136 331
120 331
147 331
158 331
105 338
190 338
95 338
136 338
98 338
160 344
179 344
157 344
180 344
219 344
75 344
142 350
173 350
155 350
183 350
219 350
211 350
186 350
144 350
153 350
111 350
145 355
139 355
116 355
135 356
226 356
164 356
245 360
153 363
202 363
184 363
175 363
219 363
199 363
213 363
201 369
138 369
226 369
172 369
212 369
167 369
243 369
238 369
156 369
149 369
196 375
173 375
200 375
160 380
227 381
227 381
138 381
160 381
170 381
192 381
171 381
243 381
165 381
118 381
246 388
119 388
162 388
191 388
180 388
113 388
164 388
192 388
254 389
173 394
176 394
184 394
201 394
196 400
148 400
190 400
118 400
191 400
102 400
133 405
182 405
260 406
244 406
244 406
248 406
187 406
296 406
232 413
196 413
164 413
279 413
186 413
242 413
214 413
197 417
195 419
161 419
176 419
210 419
111 419
127 423
220 425
180 425
197 425
219 425
114 425
303 430
171 431
234 431
211 431
183 431
155 431
188 431
179 435
219 438
285 438
236 438
239 438
245 438
136 440
127 443
286 444
234 444
227 444
231 444
220 444
134 444
183 450
208 450
196 450
207 450
171 450
199 450
222 450
191 450
235 450
189 450
242 456
134 456
216 456
237 456
193 456
101 456
233 463
205 463
300 463
238 463
198 463
171 465
295 465
238 469
294 469
362 469
248 469
200 473
287 475
221 475
193 475
256 475
143 478
345 481
168 481
217 481
307 485
259 488
237 488
284 488
188 488
192 488
159 488
220 488
220 488
253 493
328 494
160 494
248 494
290 494
246 494
218 500
267 500
199 506
283 506
267 506
290 506
188 506
261 506
237 506
268 513
264 513
400 513
257 513
371 514
246 519
220 519
230 520
222 525
223 530
232 530
332 530
211 531
240 531
308 532
311 538
116 538
368 544
361 544
292 544
296 544
336 550
272 550
398 556
346 556
272 563
361 563
193 568
196 568
361 569
179 569
305 574
328 575
403 575
442 575
231 575
366 577
356 581
115 588
298 588
225 588
343 588
281 588
172 593
268 594
268 594
295 594
264 600
365 600
268 605
390 606
349 606
319 606
233 606
300 606
187 608
362 612
367 613
362 613
332 613
332 613
359 613
253 619
295 619
291 619
311 625
383 625
445 625
264 625
371 627
359 631
391 635
384 638
358 638
488 638
300 644
374 644
203 648
350 650
375 650
343 650
209 650
273 656
377 656
432 659
144 669
306 675
394 681
403 681
311 681
265 688
402 700
358 700
221 700
364 706
377 715
400 717
296 719
397 719
350 720
261 728
235 728
487 731
319 733
505 738
431 738
218 748
337 758
303 763
429 764
393 775
297 785
472 790
365 790
468 794
522 800
408 800
405 806
462 806
290 810
315 818
385 820
516 831
554 838
556 838
499 838
559 841
295 845
299 848
486 850
354 875
408 878
413 881
545 881
422 894
397 894
376 900
522 909
598 938
539 938
681 941
428 944
431 956
699 963
622 963
591 963
470 965
521 988
546 988
639 994
510 994
444 994
504 994
473 998
311 1005
647 1013
512 1019
614 1019
572 1025
556 1038
319 1040
599 1044
515 1063
412 1063
592 1081
471 1088
576 1094
479 1100
787 1119
411 1123
613 1130
704 1131
397 1138
638 1156
780 1163
781 1163
414 1168
628 1169
589 1169
491 1175
512 1182
726 1190
708 1194
620 1197
806 1205
742 1231
865 1238
534 1238
478 1260
796 1269
748 1275
587 1275
809 1313
847 1313
757 1350
759 1375
656 1425
944 1454
1057 1456
983 1489
898 1494
922 1494
1049 1514
813 1538
1134 1595
898 1644
993 1713
632 1778
1268 1866
1171 1867
1187 1883
1200 1938
1038 1942
857 2115
1214 2126
1528 2312
1419 2496
1772 2769
1799 3137
2018 3831
30 98
42 113
68 125
54 152
53 175
50 194
80 213
131 213
128 219
129 225
75 225
146 225
123 244
62 244
93 248
143 250
66 256
132 256
90 263
156 265
130 267
90 268
65 268
81 269
151 269
85 275
136 275
154 276
107 281
131 281
138 281
94 281
79 288
178 288
127 288
183 288
111 288
143 288
113 294
97 294
139 300
154 300
114 300
117 306
206 306
151 306
103 306
96 306
116 310
170 313
120 313
154 319
144 319
171 319
175 319
148 319
120 319
195 319
154 319
219 325
105 325
189 325
145 325
152 325
188 330
85 330
190 331
188 331
132 331
195 331
149 331
66 331
115 331
123 333
173 338
180 338
168 338
180 338
123 338
132 338
158 338
173 338
160 344
216 344
134 344
202 344
145 344
108 344
150 344
181 344
210 344
93 345
134 350
155 350
147 350
141 350
172 350
82 350
175 356
227 356
205 356
136 356
125 356
212 356
210 360
149 363
170 363
151 363
193 363
128 363
277 365
225 366
215 369
131 369
145 369
175 369
145 369
165 369
159 369
118 369
155 369
158 374
173 375
279 375
188 375
118 375
160 375
160 375
277 375
175 375
185 375
100 375
154 378
130 380
137 381
154 381
134 381
224 381
154 381
241 381
222 381
178 381
139 381
154 383
200 388
214 388
224 388
146 388
149 388
175 388
158 388
140 388
191 388
184 394
148 394
210 394
125 394
107 394
160 394
187 395
98 395
214 400
132 400
109 400
180 400
140 400
230 400
205 400
194 400
288 400
252 400
218 400
174 400
126 403
284 406
210 406
119 406
253 406
221 406
187 406
229 406
164 406
237 407
155 408
178 413
236 413
145 413
120 413
149 413
186 413
225 413
201 413
220 413
186 413
150 413
256 419
229 419
167 419
183 419
182 419
204 419
213 425
245 425
258 425
169 425
180 425
271 425
130 431
144 431
227 431
273 431
183 431
239 431
130 431
269 438
169 438
245 438
214 438
203 438
196 438
250 438
220 438
183 438
132 438
138 438
238 441
156 443
190 444
298 444
233 444
320 444
293 444
201 450
203 450
234 450
233 450
201 450
177 450
156 450
255 450
164 453
282 456
329 456
215 456
179 456
288 456
308 456
124 459
225 463
171 463
226 463
210 469
227 469
287 469
251 469
174 475
245 475
255 475
315 475
234 475
213 475
175 475
171 481
143 485
235 488
237 488
269 488
206 488
177 488
200 489
210 494
214 500
250 500
312 505
241 506
259 506
250 506
349 513
246 513
191 519
277 519
211 519
318 525
356 525
199 525
196 525
194 525
329 531
324 531
231 531
380 531
348 531
247 537
270 538
251 538
381 538
276 538
185 543
211 544
257 550
336 550
331 554
352 556
353 563
116 563
282 569
281 569
323 569
206 569
325 570
267 575
289 575
280 575
299 575
140 578
250 581
370 582
406 594
275 594
220 595
360 600
357 600
278 600
273 605
304 606
334 612
435 613
325 613
271 613
396 613
323 613
281 615
227 618
467 619
248 619
224 619
256 619
238 619
188 620
226 620
249 625
205 625
351 631
371 631
399 638
186 638
195 648
395 650
349 650
352 663
308 663
431 663
477 675
274 681
250 683
211 685
226 687
447 688
277 693
463 694
416 694
344 694
446 700
363 700
371 706
440 706
495 713
443 713
252 715
312 725
368 725
378 729
471 738
411 738
510 743
486 750
469 750
320 750
331 750
481 751
563 763
407 763
216 763
328 769
465 769
316 769
338 769
410 770
269 788
449 793
524 794
501 794
495 794
427 800
299 800
496 800
468 815
579 818
343 823
375 825
488 825
457 830
433 844
428 846
336 848
436 855
281 860
347 875
570 888
501 893
582 894
506 894
345 903
354 903
528 906
560 906
426 906
624 917
298 918
470 930
261 931
319 935
522 941
663 963
476 969
503 969
556 975
664 980
527 981
617 983
591 988
528 990
683 994
609 1000
608 1001
539 1002
530 1002
549 1007
600 1009
698 1031
599 1031
576 1031
481 1038
523 1038
562 1046
552 1048
717 1055
616 1056
671 1063
623 1073
632 1079
490 1080
665 1086
699 1097
408 1103
623 1106
717 1113
631 1113
548 1113
684 1128
777 1131
468 1153
604 1159
745 1175
625 1175
764 1181
668 1188
573 1189
426 1208
730 1219
447 1250
563 1269
702 1272
508 1284
642 1294
836 1300
895 1316
691 1357
939 1359
926 1394
1028 1491
1101 1494
944 1500
548 1510
961 1530
996 1606
763 1613
800 1635
723 1638
901 1656
902 1750
972 1800
878 1806
810 1863
1175 1915
1244 1916
1113 1972
920 1985
1135 2046
1132 2050
1217 2110
1351 2231
1605 2244
1197 2285
1374 2525
2008 3386
