SPEAKER         id       #SENT      #WORD       Corr        Sub        Ins        Del        Err      S.Err
BG051           raw         97       9912       5961       2743        123       1208       4074         97
BG051           sys         97       9912      60.14      27.67       1.24      12.19      41.10     100.00
BG052           raw        116      12253       7655       3293        159       1305       4757        116
BG052           sys        116      12253      62.47      26.88       1.30      10.65      38.82     100.00
BG053           raw        118      10896       7099       2836        179        961       3976        118
BG053           sys        118      10896      65.15      26.03       1.64       8.82      36.49     100.00
BG054           raw        120      10987       6261       2959         82       1767       4808        120
BG054           sys        120      10987      56.99      26.93       0.75      16.08      43.76     100.00
BG055           raw        102       9901       6136       2904        198        861       3963        102
BG055           sys        102       9901      61.97      29.33       2.00       8.70      40.03     100.00
BG058           raw         97       8828       4322       2491         56       2015       4562         97
BG058           sys         97       8828      48.96      28.22       0.63      22.83      51.68     100.00
BG084           raw         98      11431       5187       2947         28       3297       6272         98
BG084           sys         98      11431      45.38      25.78       0.24      28.84      54.87     100.00
BG090           raw         97      10541       6406       3113        266       1022       4401         97
BG090           sys         97      10541      60.77      29.53       2.52       9.70      41.75     100.00
BG100           raw        106      11516       6889       2818         59       1809       4686        106
BG100           sys        106      11516      59.82      24.47       0.51      15.71      40.69     100.00
BG106           raw        109       8519       5255       2310        110        954       3374        109
BG106           sys        109       8519      61.69      27.12       1.29      11.20      39.61     100.00
SUM             raw       1060     104784      61171      28414       1260      15199      44873       1060
SUM             sys       1060     104784      58.38      27.12       1.20      14.51      42.82     100.00
