SPEAKER         id       #SENT      #WORD       Corr        Sub        Ins        Del        Err      S.Err
SW030           raw         73       4855       2814       1603        303        438       2344         73
SW030           sys         73       4855      57.96      33.02       6.24       9.02      48.28     100.00
SW031           raw        100       7021       3688       2126         90       1207       3423        100
SW031           sys        100       7021      52.53      30.28       1.28      17.19      48.75     100.00
SW032           raw        102       7344       3052       2272        110       2020       4402        102
SW032           sys        102       7344      41.56      30.94       1.50      27.51      59.94     100.00
SW034           raw        110       9633       5119       2940        144       1574       4658        110
SW034           sys        110       9633      53.14      30.52       1.49      16.34      48.35     100.00
SW035           raw         77       6054       2811       2273        245        970       3488         77
SW035           sys         77       6054      46.43      37.55       4.05      16.02      57.61     100.00
SW045           raw        140      10345       5928       3027        194       1390       4611        140
SW045           sys        140      10345      57.30      29.26       1.88      13.44      44.57     100.00
SW046           raw        100       7045       3767       2141        133       1137       3411        100
SW046           sys        100       7045      53.47      30.39       1.89      16.14      48.42     100.00
SW047           raw        125      10450       4927       3469        111       2054       5634        125
SW047           sys        125      10450      47.15      33.20       1.06      19.66      53.91     100.00
SW048           raw        117       8450       3833       2940         83       1677       4700        117
SW048           sys        117       8450      45.36      34.79       0.98      19.85      55.62     100.00
SW049           raw        130       9762       4514       2764         72       2484       5320        130
SW049           sys        130       9762      46.24      28.31       0.74      25.45      54.50     100.00
SW050           raw         77       5765       2292       1779         38       1694       3511         77
SW050           sys         77       5765      39.76      30.86       0.66      29.38      60.90     100.00
SW066           raw        101       8631       4522       2740        111       1369       4220        101
SW066           sys        101       8631      52.39      31.75       1.29      15.86      48.89     100.00
SW067           raw         89       7057       3788       2164        226       1105       3495         89
SW067           sys         89       7057      53.68      30.66       3.20      15.66      49.53     100.00
SW068           raw        125       9394       4935       2807         98       1652       4557        125
SW068           sys        125       9394      52.53      29.88       1.04      17.59      48.51     100.00
SW069           raw         88       5945       3462       1635        103        848       2586         88
SW069           sys         88       5945      58.23      27.50       1.73      14.26      43.50     100.00
SUM             raw       1554     117751      59452      36680       2061      21619      60360       1554
SUM             sys       1554     117751      50.49      31.15       1.75      18.36      51.26     100.00
