AR 002 003 004 005 006 007 015 024 031 032 033 036 037 038 039 044 046 050 051 052 053 054 055 056 057 058 061 062 065 066 067 069 101 102 103 104 105 106 107 108 109 110 111 112 114 115 134 135 136 137 164 165
BG 018 020 021 023 025 026 027 032 035 039 041 045 048 049 050 056 060 064 065 066 067 069 070 071 072 073 075 077 078 079 080 082 083 085 087 088 089 091 092 093 094 096 097 098 099 101 102 103 104 105 107 111 112 113 114
CH 005 010 011 015 016 026 032 033 034 035 036 038 039 049 050 051 055 056 057 058 059 060 061 062 063 067 068 071 073 076 077 078 079 080 081 082 083 084 085 086 087 088 089 090 092 093 094 095 096 097 098 099 100 101 102 103 104 105 106 107 108 109 110 111 112 113 114 115 116 117 118 119 120 121 122 123 124 125 126 127 128 129 130 131 132
CR 001 002 003 004 005 006 007 008 009 010 011 012 013 014 015 016 017 018 019 020 022 023 024 025 026 027 028 029 030 031 032 055 056 060 061 062 063 064 065 066 067 068 070 071 072 073 074 075 076 077 078 079 080 081 082 083 084 085 086 087 089 090 092 093 094
CZ 001 002 003 004 005 006 007 008 009 010 011 012 013 014 015 016 017 018 019 020 021 022 023 024 025 026 027 028 029 030 031 032 033 034 035 036 037 038 039 040 041 042 043 044 045 046 047 048 049 050 051 052 053 054 055 056 057 058 059 060 061 062 064
FR 015 016 017 018 019 020 021 022 023 024 025 026 027 028 029 030 031 032 033 034 035 036 037 038 039 040 041 042 043 044 045 046 047 048 049 050 051 052 053 054 055 056 058 059 060 061 062 063 064 065 066 067 068 069 070 071 072 073 074 075 076 077 078 079 080 081 088 090 100
GE 001 003 004 005 006 007 009 010 011 012 013 014 016 021 033 035 036 037 038 039 040 041 042 043 044 045 046 047 048 049 051 053 054 055 056 057 058 059 060 061 062 063 064 065 066 067 068 069 070 071 072 073 074 075 076 077
HA 001 002 003 005 020 021 022 028 029 031 032 038 045 046 047 048 049 050 051 052 053 054 055 056 057 058 059 060 061 062 063 064 065 066 067 068 069 070 071 072 073 074 075 076 077 078 079 080 081 082 084 085 086 087 088 089 090 091 092 093 094 095 096 097 098 099 100 101 102 103
JA 010 015 018 019 020 024 026 044 045 049 050 060 062 063 064 065 066 067 068 069 070 071 072 073 074 075 076 077 078 079 080 081 082 083 084 085 086 087 088 089 090 091 092 093 094 095 096 097 098 099 100 101 102 103 104 105 106 107 108 109 110 111 112 113 114 115 116 117 118 201 202 203 204 205 206 207 209 210 211 212 213 214 215 216 217 218 219 220 221 222 223 224 225 226 228
KO 004 007 008 009 010 011 013 014 015 016 017 018 020 021 022 023 031 033 034 035 036 037 038 039 041 043 044 046 047 048 049 050 052 053 054 055 056 057 058 059 060 062 063 065 066 067 068 070 071 072 073 074 075 076 077 078 079 081 083 085 087 089 090 092 093 094 095 096 097 099 100
PL 002 003 005 006 007 008 010 011 013 014 015 016 017 018 019 020 021 022 024 026 028 031 032 034 035 042 051 052 054 055 056 057 058 059 060 061 062 064 065 066 067 068 069 070 071 073 074 075 076 078 079 080 081 082 083 085 086 087 088 089 091 092 093 094 095 096 098 099 100
PO 001 002 003 004 005 006 007 008 009 010 011 013 014 015 016 017 018 019 021 022 023 025 026 029 031 033 034 036 042 043 044 045 048 049 051 053 054 056 058 059 060 064 072 101 106 107 108 109 110 212
RU 039 040 041 042 043 044 045 046 047 048 049 050 051 052 053 054 055 056 057 058 059 060 061 062 063 064 065 066 067 068 069 070 071 072 073 074 075 076 077 078 079 080 081 082 083 084 085 086 087 088 089 090 091 092 093 094 095 096 097 098 099 100 101 102 103 104 105 106 109 110 112 114 115 116 117 119 120 121 122 123
SA 001 002 006 007 008 010 012 013 014 016 025 026 027 034 035 039 040 042 043 044 045 047 050 051 052 053 054 056 057 062 063 066 067 068 071 072 078 079 080 082 087 088 092 093 094 095 096 097 099 100 101 102
SP 006 008 009 010 014 015 016 017 018 019 029 030 031 033 037 038 039 040 042 044 045 046 047 048 049 050 051 052 053 054 055 056 057 059 060 061 062 063 064 065 066 067 068 069 070 071 072 073 074 075 076 079 080 081 082 083 084 085 087 090 091 092 093 094 095 096 097 099 100
SW 001 002 003 004 005 006 007 008 009 010 011 012 013 014 015 016 017 018 019 020 021 022 023 024 025 026 027 028 029 033 036 037 038 039 051 052 053 054 055 056 057 058 059 063 077 078 079 080 081 082 083 084 085 086 087 088 089 090 091 092 093 094 095 096 097 098 099 100
TH 001 002 004 005 006 007 008 009 010 011 012 013 014 015 016 017 018 019 020 021 022 029 043 044 046 047 048 049 050 051 052 053 054 055 056 058 059 062 063 064 065 066 067 068 069 070 071 072 074 075 076 077 078 079 080 081 082 084 085 086 087 088 089 090
TU 001 002 004 005 007 008 009 012 013 014 016 020 021 023 025 026 027 030 031 032 034 035 039 040 041 043 044 045 046 047 048 049 052 057 058 062 064 065 066 067 068 069 070 072 075 076 077 078 080 081 082 083 084 085 086 087 088 089 091 092 093 094 095 096 097 098 099 100
UA 011 012 019 021 022 023 026 030 043 046 048 049 050 051 052 053 054 055 056 057 058 059 060 061 062 063 064 065 066 067 068 069 070 071 072 073 074 075 076 077 078 079 080 081 082 084 085 086 087 089 090 091 092 093 094 095 096 097 098 099 100 101 102 103 104 105 106 107 108 109 110 111 112 113 114 115 116 117 118 119
VN 005 006 007 008 009 010 011 012 013 014 015 016 017 020 021 022 025 027 028 029 030 031 033 034 036 037 038 039 040 041 042 044 046 047 048 049 050 051 052 053 054 055 056 057 060 061 062 063 064 065 066 067 068 070 071 073 074 076 077 080 082 083 084 085 086 088 089 091 093 094 095 097 098 099 100 101 102 103 104 105 106 108 109 110 205 206 207
WU 009 013 014 015 016 017 018 019 020 021 022 023 024 025 028 029 030 031 032 033 034 035 036 037 038 039 041
