SPEAKER         id       #SENT      #WORD       Corr        Sub        Ins        Del        Err      S.Err
TU008           raw         56       6000       4259        899         43        842       1784         56
TU008           sys         56       6000      70.98      14.98       0.72      14.03      29.73     100.00
TU024           raw         84       7911       5312       1244         64       1355       2663         84
TU024           sys         84       7911      67.15      15.72       0.81      17.13      33.66     100.00
TU029           raw         53       6601       4762        955         92        884       1931         53
TU029           sys         53       6601      72.14      14.47       1.39      13.39      29.25     100.00
TU033           raw         83       9448       4889       1783         35       2776       4594         83
TU033           sys         83       9448      51.75      18.87       0.37      29.38      48.62     100.00
TU053           raw         55       7373       4108       1225         27       2040       3292         55
TU053           sys         55       7373      55.72      16.61       0.37      27.67      44.65     100.00
TU054           raw         43       5378       2717       1300         35       1361       2696         43
TU054           sys         43       5378      50.52      24.17       0.65      25.31      50.13     100.00
TU055           raw         54       6151       3821       1099         59       1231       2389         54
TU055           sys         54       6151      62.12      17.87       0.96      20.01      38.84     100.00
TU056           raw         43       6860       4181       1392         44       1287       2723         43
TU056           sys         43       6860      60.95      20.29       0.64      18.76      39.69     100.00
TU059           raw         49       5184       3378        799         39       1007       1845         49
TU059           sys         49       5184      65.16      15.41       0.75      19.43      35.59     100.00
TU060           raw         32       3521       2222        742         36        557       1335         32
TU060           sys         32       3521      63.11      21.07       1.02      15.82      37.92     100.00
TU061           raw         83       7794       4906       1403         77       1485       2965         83
TU061           sys         83       7794      62.95      18.00       0.99      19.05      38.04     100.00
TU063           raw         68       8836       5634       1619         51       1583       3253         68
TU063           sys         68       8836      63.76      18.32       0.58      17.92      36.82     100.00
TU071           raw         50       6525       4179       1079         91       1267       2437         50
TU071           sys         50       6525      64.05      16.54       1.39      19.42      37.35     100.00
TU073           raw         48       5096       3316        923        164        857       1944         48
TU073           sys         48       5096      65.07      18.11       3.22      16.82      38.15     100.00
TU074           raw         37       4095       2387        880         28        828       1736         37
TU074           sys         37       4095      58.29      21.49       0.68      20.22      42.39     100.00
TU079           raw         74       6782       3745       1579         72       1458       3109         74
TU079           sys         74       6782      55.22      23.28       1.06      21.50      45.84     100.00
TU090           raw         27       2984       1939        544        108        501       1153         27
TU090           sys         27       2984      64.98      18.23       3.62      16.79      38.64     100.00
SUM             raw        939     106539      65755      19465       1065      21319      41849        939
SUM             sys        939     106539      61.72      18.27       1.00      20.01      39.28     100.00
