SPEAKER         id       #SENT      #WORD       Corr        Sub        Ins        Del        Err      S.Err
TU008           raw         56       6000       4213        961         55        826       1842         56
TU008           sys         56       6000      70.22      16.02       0.92      13.77      30.70     100.00
TU024           raw         84       7911       5280       1306         66       1325       2697         84
TU024           sys         84       7911      66.74      16.51       0.83      16.75      34.09     100.00
TU029           raw         53       6601       4723        995        101        883       1979         53
TU029           sys         53       6601      71.55      15.07       1.53      13.38      29.98     100.00
TU033           raw         83       9448       4985       1765         49       2698       4512         83
TU033           sys         83       9448      52.76      18.68       0.52      28.56      47.76     100.00
TU053           raw         55       7373       4071       1247         32       2055       3334         55
TU053           sys         55       7373      55.21      16.91       0.43      27.87      45.22     100.00
TU054           raw         43       5378       2761       1328         46       1289       2663         43
TU054           sys         43       5378      51.34      24.69       0.86      23.97      49.52     100.00
TU055           raw         54       6151       3743       1196         45       1212       2453         54
TU055           sys         54       6151      60.85      19.44       0.73      19.70      39.88     100.00
TU056           raw         43       6860       4202       1417         52       1241       2710         43
TU056           sys         43       6860      61.25      20.66       0.76      18.09      39.50     100.00
TU059           raw         49       5184       3348        851         37        985       1873         49
TU059           sys         49       5184      64.58      16.42       0.71      19.00      36.13     100.00
TU060           raw         32       3521       2217        766         37        538       1341         32
TU060           sys         32       3521      62.97      21.76       1.05      15.28      38.09     100.00
TU061           raw         83       7794       4912       1407         76       1475       2958         83
TU061           sys         83       7794      63.02      18.05       0.98      18.92      37.95     100.00
TU063           raw         68       8836       5561       1689         49       1586       3324         68
TU063           sys         68       8836      62.94      19.11       0.55      17.95      37.62     100.00
TU071           raw         50       6525       4103       1128         88       1294       2510         50
TU071           sys         50       6525      62.88      17.29       1.35      19.83      38.47     100.00
TU073           raw         48       5096       3258        968        173        870       2011         48
TU073           sys         48       5096      63.93      19.00       3.39      17.07      39.46     100.00
TU074           raw         37       4095       2360        894         28        841       1763         37
TU074           sys         37       4095      57.63      21.83       0.68      20.54      43.05     100.00
TU079           raw         74       6782       3786       1562         72       1434       3068         74
TU079           sys         74       6782      55.82      23.03       1.06      21.14      45.24     100.00
TU090           raw         27       2984       1889        608        114        487       1209         27
TU090           sys         27       2984      63.30      20.38       3.82      16.32      40.52     100.00
SUM             raw        939     106539      65412      20088       1120      21039      42247        939
SUM             sys        939     106539      61.40      18.86       1.05      19.75      39.65     100.00
