121 163
93 206
176 275
213 300
221 356
159 369
206 388
178 394
276 400
181 406
293 456
254 456
261 463
323 494
328 506
242 513
303 513
323 519
368 519
292 556
308 563
345 600
402 613
406 631
358 638
361 644
332 650
398 663
371 681
396 688
357 694
413 700
488 700
444 731
379 738
528 763
378 769
434 769
521 781
467 781
504 794
464 813
515 863
447 863
556 888
427 906
612 963
614 988
517 994
543 1019
571 1044
742 1131
693 1169
752 1194
832 1225
649 1231
774 1269
771 1319
802 1350
868 1394
970 1594
1008 1706
1115 1844
103 181
203 288
173 313
208 338
229 350
224 381
253 406
222 425
229 475
231 488
322 500
333 544
328 556
227 575
321 588
350 600
279 600
455 613
398 613
500 619
324 631
419 675
409 706
437 713
449 719
450 744
518 750
441 775
409 788
339 788
521 825
543 838
432 838
499 881
530 894
436 906
522 931
632 988
462 988
482 988
612 1000
615 1006
570 1019
590 1025
568 1056
701 1069
622 1081
745 1138
667 1144
722 1150
546 1175
755 1181
780 1238
754 1250
704 1256
699 1263
692 1281
802 1294
874 1413
828 1444
883 1463
883 1488
930 1494
951 1656
181 275
196 306
159 344
258 363
225 394
243 425
272 438
234 450
266 475
288 481
283 488
237 494
250 500
317 519
340 531
257 544
317 569
314 569
409 594
359 613
402 613
418 619
279 619
385 631
363 638
338 656
435 663
399 694
397 700
391 713
300 719
475 738
488 750
481 763
454 775
439 788
400 813
531 850
543 856
488 863
527 931
533 931
596 931
591 950
563 950
503 969
610 981
589 1025
586 1031
531 1031
546 1050
725 1075
638 1131
719 1169
714 1269
745 1319
792 1338
741 1431
737 1500
897 1513
943 1638
1172 1675
1215 1850
96 181
74 188
99 213
150 250
215 300
165 344
314 400
242 400
234 438
276 475
259 481
287 481
238 494
298 506
394 513
301 513
297 513
343 525
373 556
335 556
305 563
259 563
378 606
482 619
274 625
337 631
393 638
412 663
402 669
413 675
354 700
425 738
497 738
507 775
523 788
516 838
511 838
401 844
335 850
519 850
516 888
555 894
565 906
698 919
585 925
491 925
635 994
608 994
616 1031
669 1044
647 1044
703 1163
701 1169
523 1181
765 1194
694 1200
778 1213
834 1231
615 1281
830 1288
761 1319
871 1338
1035 1750
1073 1813
102 181
82 219
179 263
202 275
134 313
192 388
215 394
268 450
257 475
304 481
325 494
301 500
261 525
313 531
335 563
349 575
363 575
379 588
380 606
380 606
398 613
401 619
277 625
405 631
269 631
392 656
431 663
395 669
374 675
459 694
452 719
526 725
518 756
483 763
450 794
466 806
555 813
308 813
507 831
459 906
468 925
477 944
449 975
510 975
659 1056
702 1056
676 1088
632 1106
627 1113
667 1119
708 1144
671 1150
621 1150
699 1181
725 1219
737 1225
825 1250
688 1275
780 1338
769 1363
892 1400
843 1519
1027 1750
190 281
196 338
245 394
303 406
290 438
208 538
362 550
366 600
371 606
351 606
306 638
366 644
410 644
420 650
324 650
458 656
485 681
406 706
438 725
466 738
422 738
466 744
457 756
481 763
538 788
536 788
492 800
432 800
456 806
505 850
526 856
468 863
549 888
475 900
541 913
514 925
520 938
583 956
596 981
584 988
606 994
619 1013
642 1044
672 1063
566 1138
545 1150
422 1156
737 1163
593 1175
731 1175
715 1181
812 1194
746 1219
811 1275
758 1300
753 1306
851 1363
686 1394
924 1425
904 1494
938 1606
1158 1625
1028 1713
984 1719
109 163
176 244
143 288
264 388
217 400
273 419
154 438
279 456
259 469
269 494
296 506
321 525
218 531
361 556
270 556
328 556
319 575
315 588
343 594
354 600
403 613
385 613
356 619
369 631
360 631
414 631
412 644
455 663
443 694
414 694
453 738
420 738
520 775
392 813
372 825
471 838
443 856
565 863
546 863
532 863
558 888
587 894
523 906
567 944
643 950
548 981
574 1019
677 1025
621 1038
589 1044
525 1063
520 1069
623 1113
679 1119
758 1238
719 1244
727 1250
772 1256
737 1338
930 1356
774 1419
979 1506
1004 1694
120 219
133 225
197 250
165 269
201 319
198 331
179 363
258 388
309 456
348 463
177 481
295 494
268 500
307 500
302 531
340 531
333 544
364 544
269 550
370 569
368 569
321 569
338 663
421 669
329 694
403 694
470 713
435 756
464 763
453 769
353 775
451 800
535 838
543 844
461 850
626 850
524 863
477 863
497 881
527 944
582 963
640 963
485 994
563 994
548 1000
586 1063
666 1088
624 1094
647 1156
608 1163
727 1163
669 1181
727 1206
746 1313
753 1388
909 1425
869 1550
940 1569
952 1575
947 1619
1044 1625
1183 1756
1087 1775
1097 1856
128 181
213 250
218 288
197 319
244 350
168 350
225 363
157 369
214 381
158 381
199 394
268 413
230 431
262 438
283 456
293 456
304 456
319 463
280 469
235 506
279 569
354 569
358 575
373 581
224 581
376 594
387 606
296 606
372 613
309 625
388 650
452 681
443 706
376 713
414 719
363 769
479 769
521 769
399 775
491 806
445 844
470 844
504 844
482 869
595 869
597 888
407 900
580 900
547 906
647 994
548 1013
655 1063
627 1081
707 1150
639 1163
809 1188
676 1200
729 1219
750 1263
777 1294
835 1350
969 1544
1052 1856
114 175
119 225
138 275
227 306
116 319
159 331
229 356
202 369
208 381
210 381
257 388
169 388
317 406
265 463
238 481
192 488
275 494
270 525
317 544
292 556
305 563
286 600
321 613
347 619
358 631
394 650
377 650
385 675
412 694
442 731
386 744
393 750
502 775
394 781
478 800
494 800
487 813
465 825
420 825
393 844
591 856
507 863
467 875
574 906
548 925
549 925
617 950
608 963
492 975
533 1006
558 1013
621 1013
660 1013
687 1013
595 1044
685 1075
677 1106
696 1119
629 1144
697 1169
633 1206
762 1231
775 1419
151 231
136 256
169 256
223 319
207 344
173 356
140 363
281 394
179 400
193 419
250 438
249 444
275 444
236 481
254 494
235 500
352 519
355 519
277 531
341 538
350 544
350 550
347 556
325 569
318 575
335 606
396 625
484 625
319 631
334 650
419 656
408 656
374 669
432 694
372 700
455 713
399 713
474 719
367 756
469 788
501 838
416 838
567 888
558 900
637 925
515 944
531 950
623 950
583 975
644 994
589 1013
613 1088
683 1125
698 1144
688 1231
779 1238
876 1313
1008 1344
738 1394
958 1394
987 1400
975 1700
1167 1869
1012 1900
148 281
161 331
267 344
137 350
213 406
294 438
310 456
208 456
302 463
264 531
284 531
286 556
311 563
322 581
317 588
357 588
369 594
374 619
362 619
336 625
457 631
338 675
467 688
397 700
369 706
421 738
470 750
440 769
544 788
512 788
368 838
526 856
474 900
557 931
600 956
588 969
623 988
622 994
612 994
449 994
648 1013
654 1013
555 1050
632 1069
489 1075
501 1113
697 1113
652 1119
661 1125
715 1144
609 1169
711 1181
724 1250
807 1263
690 1281
831 1394
746 1438
917 1450
812 1475
923 1481
989 1575
965 1631
1176 1856
85 150
246 356
279 425
232 425
296 469
268 481
257 481
349 494
343 513
285 538
273 550
395 556
353 569
358 581
367 594
370 619
428 650
359 650
413 656
266 675
477 681
461 694
403 706
453 725
368 725
515 750
355 756
483 763
438 775
518 781
513 794
511 800
384 813
514 850
443 856
505 863
377 894
442 913
494 913
541 913
543 950
565 950
637 963
501 981
565 994
507 1019
570 1025
624 1031
644 1038
693 1050
608 1063
720 1075
713 1088
571 1113
720 1200
735 1238
771 1250
934 1406
984 1506
983 1581
1005 1600
1007 1631
1002 1700
1044 1744
126 263
164 319
258 344
259 375
255 388
286 388
303 388
259 394
246 400
225 406
250 425
357 494
276 513
295 531
295 563
313 575
395 600
369 613
386 619
337 625
358 638
416 650
399 656
347 675
463 694
540 694
340 700
363 713
373 750
399 763
518 769
510 819
467 825
554 831
569 856
576 869
510 925
586 931
525 950
548 950
605 981
625 1000
528 1000
587 1031
723 1050
641 1100
605 1113
655 1131
651 1150
705 1169
726 1169
726 1175
693 1213
836 1225
709 1231
638 1238
700 1313
904 1325
751 1419
892 1475
1022 1563
993 1650
1173 1819
111 213
200 300
153 325
226 331
193 356
244 375
134 375
248 425
227 456
311 475
327 488
310 506
291 538
284 538
360 538
361 544
266 575
275 581
349 588
408 594
429 625
439 631
440 638
380 650
399 656
326 669
401 669
393 700
405 706
438 713
473 731
440 756
433 756
406 800
541 819
495 850
682 875
447 900
610 925
578 938
475 988
448 1000
644 1019
644 1025
670 1031
483 1038
680 1044
732 1100
621 1100
508 1100
620 1113
702 1150
595 1150
578 1156
628 1169
643 1200
722 1200
789 1256
691 1275
813 1363
831 1400
879 1550
939 1750
1084 1875
130 225
129 225
182 288
167 363
216 369
287 406
241 456
229 469
319 475
302 481
278 488
298 500
261 506
254 525
291 538
372 538
283 544
393 563
293 569
372 575
258 594
255 606
396 663
361 663
434 675
439 675
446 725
472 731
364 731
418 750
388 769
508 769
497 788
530 806
481 838
438 850
407 856
493 863
511 875
493 881
535 900
470 906
525 906
593 919
553 919
608 975
626 994
636 1000
613 1038
706 1075
655 1113
612 1113
679 1144
733 1156
627 1169
727 1175
680 1200
760 1206
678 1225
830 1388
834 1444
894 1481
939 1525
167 225
191 288
224 294
151 319
252 331
239 338
261 381
292 400
236 413
275 450
335 450
275 456
274 469
306 475
318 488
343 494
294 575
365 600
372 619
381 625
421 638
453 638
384 663
393 675
334 681
404 694
348 725
520 763
470 769
397 781
466 794
517 794
446 806
415 806
472 813
441 825
532 831
521 844
467 863
581 881
551 894
565 919
559 938
590 938
621 956
528 956
570 963
564 963
542 981
556 1088
610 1113
699 1119
669 1156
704 1194
673 1219
721 1275
773 1300
669 1338
765 1344
778 1350
834 1463
758 1519
1102 1531
917 1638
166 263
223 406
211 425
210 425
300 438
255 450
196 450
240 469
315 469
305 469
300 481
326 506
313 513
368 563
342 588
355 594
357 594
369 600
343 619
375 619
393 650
357 650
357 650
427 650
418 656
441 663
374 681
426 681
368 681
406 688
478 688
491 744
522 763
439 763
489 769
481 769
472 794
433 813
507 825
590 831
440 838
503 838
539 869
493 900
537 938
536 950
545 969
506 988
585 1044
590 1050
627 1075
556 1106
798 1119
732 1144
844 1181
703 1194
710 1213
754 1300
903 1463
896 1500
936 1506
1213 1831
1094 1881
88 250
195 275
140 275
176 281
127 294
191 325
213 338
157 356
237 356
206 375
260 400
197 400
238 406
258 431
224 438
321 450
287 456
291 500
378 531
318 538
363 550
304 581
379 619
347 631
346 638
386 638
417 638
393 644
363 644
397 713
373 719
491 750
412 750
365 769
493 794
469 794
558 863
493 881
455 925
585 938
479 938
546 975
639 975
624 1000
647 1031
605 1050
656 1050
752 1056
673 1075
641 1131
552 1169
701 1181
692 1250
623 1269
646 1269
810 1306
673 1344
897 1388
723 1394
682 1413
870 1481
830 1663
1140 1738
1135 1869
186 256
156 275
169 300
190 338
218 400
237 400
267 406
296 419
225 425
210 438
194 438
252 438
237 469
311 469
248 475
285 525
228 544
316 550
203 550
321 563
276 563
344 563
274 575
389 631
293 669
365 681
343 681
400 713
447 719
290 725
428 725
499 738
407 781
457 800
388 806
499 831
548 831
572 838
485 875
547 875
549 906
591 938
574 963
627 969
608 1006
637 1019
640 1031
551 1044
591 1075
516 1075
761 1119
651 1119
725 1263
630 1294
763 1300
752 1313
831 1350
779 1375
882 1375
862 1444
935 1494
895 1600
1025 1750
