SPEAKER         id       #SENT      #WORD       Corr        Sub        Ins        Del        Err      S.Err
HA004           raw        123       3756       2430       1053        220        273       1546        123
HA004           sys        123       3756      64.70      28.04       5.86       7.27      41.16     100.00
HA006           raw         50       1187        859        214         11        114        339         50
HA006           sys         50       1187      72.37      18.03       0.93       9.60      28.56     100.00
HA007           raw        105       2835       1967        622         34        246        902        105
HA007           sys        105       2835      69.38      21.94       1.20       8.68      31.82     100.00
HA008           raw        105       2910       2032        604         17        274        895        105
HA008           sys        105       2910      69.83      20.76       0.58       9.42      30.76     100.00
HA009           raw         30        759        510        165         10         84        259         30
HA009           sys         30        759      67.19      21.74       1.32      11.07      34.12     100.00
HA010           raw         50       1158        802        244         20        112        376         50
HA010           sys         50       1158      69.26      21.07       1.73       9.67      32.47     100.00
HA011           raw         30        714        514        148         10         52        210         30
HA011           sys         30        714      71.99      20.73       1.40       7.28      29.41     100.00
HA012           raw         38        903        586        219         12         98        329         38
HA012           sys         38        903      64.89      24.25       1.33      10.85      36.43     100.00
HA013           raw         50       1234        830        301         25        103        429         50
HA013           sys         50       1234      67.26      24.39       2.03       8.35      34.76     100.00
HA014           raw         70       1819       1244        370         20        205        595         70
HA014           sys         70       1819      68.39      20.34       1.10      11.27      32.71     100.00
HA015           raw        101       2664       1804        606         18        254        878        101
HA015           sys        101       2664      67.72      22.75       0.68       9.53      32.96     100.00
HA016           raw         12        328        212         93          9         23        125         12
HA016           sys         12        328      64.63      28.35       2.74       7.01      38.11     100.00
HA017           raw        112       3097       2137        637         17        323        977        112
HA017           sys        112       3097      69.00      20.57       0.55      10.43      31.55     100.00
HA018           raw        102       2779       1888        612         14        279        905        102
HA018           sys        102       2779      67.94      22.02       0.50      10.04      32.57     100.00
HA019           raw        101       2566       1804        546         24        216        786        101
HA019           sys        101       2566      70.30      21.28       0.94       8.42      30.63     100.00
HA023           raw        115       3120       2050        697         17        373       1087        115
HA023           sys        115       3120      65.71      22.34       0.54      11.96      34.84     100.00
HA024           raw        162       4682       3058       1329        181        295       1805        162
HA024           sys        162       4682      65.31      28.39       3.87       6.30      38.55     100.00
SUM             raw       1356      36511      24727       8460        659       3324      12443       1356
SUM             sys       1356      36511      67.72      23.17       1.80       9.10      34.08     100.00
