SPEAKER         id       #SENT      #WORD       Corr        Sub        Ins        Del        Err      S.Err
HA004           raw        126       3920       2422       1175        201        323       1699        126
HA004           sys        126       3920      61.79      29.97       5.13       8.24      43.34     100.00
HA006           raw         50       1187        890        182         14        115        311         50
HA006           sys         50       1187      74.98      15.33       1.18       9.69      26.20     100.00
HA007           raw        105       2835       1976        630         28        229        887        105
HA007           sys        105       2835      69.70      22.22       0.99       8.08      31.29     100.00
HA008           raw        105       2910       2060        589         23        261        873        105
HA008           sys        105       2910      70.79      20.24       0.79       8.97      30.00     100.00
HA009           raw         30        759        510        167         10         82        259         30
HA009           sys         30        759      67.19      22.00       1.32      10.80      34.12     100.00
HA010           raw         50       1158        794        233         16        131        380         50
HA010           sys         50       1158      68.57      20.12       1.38      11.31      32.82     100.00
HA011           raw         30        714        516        135         10         63        208         30
HA011           sys         30        714      72.27      18.91       1.40       8.82      29.13     100.00
HA012           raw         38        903        610        202          5         91        298         38
HA012           sys         38        903      67.55      22.37       0.55      10.08      33.00     100.00
HA013           raw         50       1234        844        287         21        103        411         50
HA013           sys         50       1234      68.40      23.26       1.70       8.35      33.31     100.00
HA014           raw         70       1819       1274        352         26        193        571         70
HA014           sys         70       1819      70.04      19.35       1.43      10.61      31.39     100.00
HA015           raw        101       2664       1832        560         20        272        852        101
HA015           sys        101       2664      68.77      21.02       0.75      10.21      31.98     100.00
HA016           raw         12        328        218         84          7         26        117         12
HA016           sys         12        328      66.46      25.61       2.13       7.93      35.67     100.00
HA017           raw        112       3097       2111        670         22        316       1008        112
HA017           sys        112       3097      68.16      21.63       0.71      10.20      32.55     100.00
HA018           raw        102       2779       1899        603         15        277        895        102
HA018           sys        102       2779      68.33      21.70       0.54       9.97      32.21     100.00
HA019           raw        101       2566       1823        520         28        223        771        101
HA019           sys        101       2566      71.04      20.27       1.09       8.69      30.05     100.00
HA023           raw        115       3120       2104        650         22        366       1038        115
HA023           sys        115       3120      67.44      20.83       0.71      11.73      33.27     100.00
HA024           raw        165       4780       2919       1461        149        400       2010        165
HA024           sys        165       4780      61.07      30.56       3.12       8.37      42.05     100.00
SUM             raw       1362      36773      24802       8500        617       3471      12588       1362
SUM             sys       1362      36773      67.45      23.11       1.68       9.44      34.23     100.00
