SPEAKER         id       #SENT      #WORD       Corr        Sub        Ins        Del        Err      S.Err
UA027           raw        105       3590       1391       1498         17        701       2216        105
UA027           sys        105       3590      38.75      41.73       0.47      19.53      61.73     100.00
UA028           raw        110       3276       1290       1461         22        525       2008        110
UA028           sys        110       3276      39.38      44.60       0.67      16.03      61.29     100.00
UA029           raw        110       3076       1335       1264         26        477       1767        110
UA029           sys        110       3076      43.40      41.09       0.85      15.51      57.44     100.00
UA031           raw        107       3594       1481       1568         67        545       2180        107
UA031           sys        107       3594      41.21      43.63       1.86      15.16      60.66     100.00
UA032           raw        109       3764       1662       1701        123        401       2225        109
UA032           sys        109       3764      44.16      45.19       3.27      10.65      59.11     100.00
UA033           raw        108       3489       1487       1547         95        455       2097        108
UA033           sys        108       3489      42.62      44.34       2.72      13.04      60.10     100.00
UA034           raw        110       3837       1544       1649         83        644       2376        110
UA034           sys        110       3837      40.24      42.98       2.16      16.78      61.92     100.00
UA035           raw        108       3483       1482       1497         92        504       2093        108
UA035           sys        108       3483      42.55      42.98       2.64      14.47      60.09     100.00
UA036           raw        110       3480       1463       1692        110        325       2127        110
UA036           sys        110       3480      42.04      48.62       3.16       9.34      61.12     100.00
UA037           raw        112       3667       1690       1632        143        345       2120        112
UA037           sys        112       3667      46.09      44.51       3.90       9.41      57.81     100.00
UA038           raw        113       3457       1556       1569        116        332       2017        113
UA038           sys        113       3457      45.01      45.39       3.36       9.60      58.35     100.00
UA039           raw        107       3303       1524       1475        113        304       1892        107
UA039           sys        107       3303      46.14      44.66       3.42       9.20      57.28     100.00
UA040           raw        111       3465       1433       1444         52        588       2084        111
UA040           sys        111       3465      41.36      41.67       1.50      16.97      60.14     100.00
UA041           raw        111       3570       1322       1506         47        742       2295        111
UA041           sys        111       3570      37.03      42.18       1.32      20.78      64.29     100.00
UA042           raw        107       3567       1661       1575        105        331       2011        107
UA042           sys        107       3567      46.57      44.15       2.94       9.28      56.38     100.00
UA044           raw        104       3069       1397       1261        101        411       1773        104
UA044           sys        104       3069      45.52      41.09       3.29      13.39      57.77     100.00
UA045           raw        107       3524       1542       1619        104        363       2086        107
UA045           sys        107       3524      43.76      45.94       2.95      10.30      59.19     100.00
UA047           raw        107       3237       1285       1595         81        357       2033        107
UA047           sys        107       3237      39.70      49.27       2.50      11.03      62.81     100.00
UA083           raw        114       3889       1823       1803        190        263       2256        114
UA083           sys        114       3889      46.88      46.36       4.89       6.76      58.01     100.00
UA088           raw        112       3417       1693       1495        181        229       1905        112
UA088           sys        112       3417      49.55      43.75       5.30       6.70      55.75     100.00
SUM             raw       2182      69754      30061      30851       1868       8842      41561       2182
SUM             sys       2182      69754      43.10      44.23       2.68      12.68      59.58     100.00
